1	1.0000000e+00	1.0000000e+00	0.0000000e+00
2	1.5000000e+00	1.5000000e+00	0.0000000e+00
3	1.8333334e+00	1.8333334e+00	0.0000000e+00
4	2.0833335e+00	2.0833335e+00	0.0000000e+00
5	2.2833335e+00	2.2833333e+00	1.1920929e-07
6	2.4500003e+00	2.4500000e+00	1.1920929e-07
7	2.5928574e+00	2.5928571e+00	1.1920929e-07
8	2.7178574e+00	2.7178571e+00	1.1920929e-07
9	2.8289685e+00	2.8289683e+00	1.1920929e-07
10	2.9289684e+00	2.9289684e+00	0.0000000e+00
11	3.0198774e+00	3.0198774e+00	0.0000000e+00
12	3.1032107e+00	3.1032109e+00	5.9604645e-08
13	3.1801338e+00	3.1801338e+00	0.0000000e+00
14	3.2515624e+00	3.2515624e+00	0.0000000e+00
15	3.3182290e+00	3.3182292e+00	5.9604645e-08
16	3.3807290e+00	3.3807292e+00	5.9604645e-08
17	3.4395525e+00	3.4395525e+00	0.0000000e+00
18	3.4951081e+00	3.4951081e+00	0.0000000e+00
19	3.5477397e+00	3.5477397e+00	0.0000000e+00
20	3.5977397e+00	3.5977397e+00	0.0000000e+00
21	3.6453588e+00	3.6453588e+00	0.0000000e+00
22	3.6908133e+00	3.6908133e+00	0.0000000e+00
23	3.7342916e+00	3.7342916e+00	0.0000000e+00
24	3.7759583e+00	3.7759583e+00	0.0000000e+00
25	3.8159583e+00	3.8159583e+00	0.0000000e+00
26	3.8544197e+00	3.8544199e+00	5.9604645e-08
27	3.8914568e+00	3.8914568e+00	0.0000000e+00
28	3.9271712e+00	3.9271710e+00	1.1920929e-07
29	3.9616539e+00	3.9616539e+00	0.0000000e+00
30	3.9949872e+00	3.9949872e+00	0.0000000e+00
31	4.0272455e+00	4.0272455e+00	0.0000000e+00
32	4.0584955e+00	4.0584955e+00	0.0000000e+00
33	4.0887985e+00	4.0887985e+00	0.0000000e+00
34	4.1182103e+00	4.1182098e+00	1.1920929e-07
35	4.1467819e+00	4.1467814e+00	1.1920929e-07
36	4.1745596e+00	4.1745596e+00	0.0000000e+00
37	4.2015867e+00	4.2015862e+00	1.1920929e-07
38	4.2279024e+00	4.2279024e+00	0.0000000e+00
39	4.2535434e+00	4.2535429e+00	1.1920929e-07
40	4.2785435e+00	4.2785435e+00	0.0000000e+00
41	4.3029337e+00	4.3029337e+00	0.0000000e+00
42	4.3267431e+00	4.3267431e+00	0.0000000e+00
43	4.3499990e+00	4.3499990e+00	0.0000000e+00
44	4.3727264e+00	4.3727264e+00	0.0000000e+00
45	4.3949485e+00	4.3949485e+00	0.0000000e+00
46	4.4166875e+00	4.4166875e+00	0.0000000e+00
47	4.4379640e+00	4.4379644e+00	1.1920929e-07
48	4.4587975e+00	4.4587975e+00	0.0000000e+00
49	4.4792056e+00	4.4792056e+00	0.0000000e+00
50	4.4992056e+00	4.4992056e+00	0.0000000e+00
51	4.5188136e+00	4.5188136e+00	0.0000000e+00
52	4.5380445e+00	4.5380445e+00	0.0000000e+00
53	4.5569124e+00	4.5569124e+00	0.0000000e+00
54	4.5754309e+00	4.5754309e+00	0.0000000e+00
55	4.5936127e+00	4.5936127e+00	0.0000000e+00
56	4.6114697e+00	4.6114697e+00	0.0000000e+00
57	4.6290135e+00	4.6290140e+00	1.1920929e-07
58	4.6462550e+00	4.6462550e+00	0.0000000e+00
59	4.6632042e+00	4.6632042e+00	0.0000000e+00
60	4.6798711e+00	4.6798706e+00	1.1920929e-07
61	4.6962647e+00	4.6962643e+00	1.1920929e-07
62	4.7123938e+00	4.7123933e+00	1.1920929e-07
63	4.7282667e+00	4.7282662e+00	1.1920929e-07
64	4.7438917e+00	4.7438912e+00	1.1920929e-07
65	4.7592764e+00	4.7592759e+00	1.1920929e-07
66	4.7744279e+00	4.7744274e+00	1.1920929e-07
67	4.7893534e+00	4.7893524e+00	2.3841858e-07
68	4.8040590e+00	4.8040586e+00	1.1920929e-07
69	4.8185520e+00	4.8185511e+00	2.3841858e-07
70	4.8328376e+00	4.8328371e+00	1.1920929e-07
71	4.8469219e+00	4.8469214e+00	1.1920929e-07
72	4.8608108e+00	4.8608103e+00	1.1920929e-07
73	4.8745093e+00	4.8745089e+00	1.1920929e-07
74	4.8880229e+00	4.8880224e+00	1.1920929e-07
75	4.9013562e+00	4.9013557e+00	1.1920929e-07
76	4.9145141e+00	4.9145136e+00	1.1920929e-07
77	4.9275012e+00	4.9275007e+00	1.1920929e-07
78	4.9403219e+00	4.9403210e+00	2.3841858e-07
79	4.9529800e+00	4.9529791e+00	2.3841858e-07
80	4.9654799e+00	4.9654789e+00	2.3841858e-07
81	4.9778256e+00	4.9778252e+00	1.1920929e-07
82	4.9900208e+00	4.9900198e+00	2.3841858e-07
83	5.0020690e+00	5.0020685e+00	1.1920929e-07
84	5.0139737e+00	5.0139732e+00	1.1920929e-07
85	5.0257382e+00	5.0257378e+00	1.1920929e-07
86	5.0373659e+00	5.0373654e+00	1.1920929e-07
87	5.0488601e+00	5.0488596e+00	1.1920929e-07
88	5.0602236e+00	5.0602236e+00	0.0000000e+00
89	5.0714598e+00	5.0714593e+00	1.1920929e-07
90	5.0825710e+00	5.0825701e+00	2.3841858e-07
91	5.0935602e+00	5.0935593e+00	2.3841858e-07
92	5.1044297e+00	5.1044288e+00	2.3841858e-07
93	5.1151824e+00	5.1151814e+00	2.3841858e-07
94	5.1258206e+00	5.1258197e+00	2.3841858e-07
95	5.1363468e+00	5.1363459e+00	2.3841858e-07
96	5.1467633e+00	5.1467628e+00	1.1920929e-07
97	5.1570725e+00	5.1570721e+00	1.1920929e-07
98	5.1672769e+00	5.1672764e+00	1.1920929e-07
99	5.1773777e+00	5.1773772e+00	1.1920929e-07
100	5.1873779e+00	5.1873770e+00	2.3841858e-07
