2.719000  0.157368
2.757000  0.178421
2.795000  0.203684
2.833000  0.267895
2.871000  0.308947
2.909000  0.337368
2.947000  0.373158
2.985000  0.428947
3.023000  0.470000
3.061000  0.544211
3.099000  0.590526
3.137000  0.702632
3.175000  0.717895
3.213000  0.796316
3.251000  0.816316
3.289000  0.836842
3.327000  0.893158
3.365000  0.931579
3.403000  0.921579
3.441000  0.988421
3.479000  0.988947
3.517000  0.970000
3.555000  0.990000
3.593000  0.965263
3.631000  0.907895
3.669000  0.950526
3.707000  0.892632
3.745000  0.832632
3.783000  0.793684
3.821000  0.723684
3.859000  0.681579
3.897000  0.592105
3.935000  0.552105
3.973000  0.526316
4.011000  0.439474
4.049000  0.400526
4.087000  0.340000
4.125000  0.283684
4.163000  0.255789
4.201000  0.211053
4.239000  0.183684
4.277000  0.161053
4.315000  0.125789
4.353000  0.107368
4.391000  0.095263
4.429000  0.068421
4.467000  0.049474
4.505000  0.044211
4.543000  0.037368
4.581000  0.025789
