2.719000  0.138421
2.757000  0.177368
2.795000  0.197368
2.833000  0.242632
2.871000  0.289474
2.909000  0.334737
2.947000  0.370526
2.985000  0.436842
3.023000  0.510000
3.061000  0.534737
3.099000  0.607895
3.137000  0.656842
3.175000  0.704737
3.213000  0.786316
3.251000  0.822105
3.289000  0.886842
3.327000  0.905789
3.365000  0.932632
3.403000  0.973158
3.441000  1.033158
3.479000  1.013158
3.517000  0.974211
3.555000  1.005263
3.593000  0.959474
3.631000  0.927895
3.669000  0.903158
3.707000  0.883684
3.745000  0.824211
3.783000  0.787895
3.821000  0.713158
3.859000  0.666316
3.897000  0.612632
3.935000  0.564737
3.973000  0.472632
4.011000  0.435789
4.049000  0.377368
4.087000  0.330000
4.125000  0.293158
4.163000  0.263684
4.201000  0.211579
4.239000  0.188421
4.277000  0.159474
4.315000  0.131579
4.353000  0.093158
4.391000  0.091579
4.429000  0.070000
4.467000  0.053158
4.505000  0.039474
4.543000  0.026316
4.581000  0.028421
