2.719000  0.154737
2.757000  0.179474
2.795000  0.198947
2.833000  0.256316
2.871000  0.306316
2.909000  0.343158
2.947000  0.413158
2.985000  0.435789
3.023000  0.493684
3.061000  0.548947
3.099000  0.621579
3.137000  0.650526
3.175000  0.718421
3.213000  0.767368
3.251000  0.832105
3.289000  0.851579
3.327000  0.931579
3.365000  0.971053
3.403000  0.966316
3.441000  0.988421
3.479000  0.965789
3.517000  1.019474
3.555000  1.008421
3.593000  0.951053
3.631000  0.940000
3.669000  0.880526
3.707000  0.840526
3.745000  0.806842
3.783000  0.776842
3.821000  0.698947
3.859000  0.661579
3.897000  0.599474
3.935000  0.568947
3.973000  0.492105
4.011000  0.453684
4.049000  0.393684
4.087000  0.326316
4.125000  0.292632
4.163000  0.258947
4.201000  0.218947
4.239000  0.192632
4.277000  0.145789
4.315000  0.118947
4.353000  0.106842
4.391000  0.082632
4.429000  0.072632
4.467000  0.051053
4.505000  0.037368
4.543000  0.030000
4.581000  0.025789
