1.18508
1.93154
1.94773
1.48475
1.32054
1.15443
1.69886
1.11995
1.48518
1.63274
1.81823
1.68303
1.49856
1.5868
1.71975
1.2585
1.54621
1.40731
1.17698
1.96963
1.29702
1.28787
1.11619
1.18173
1.49429
1.56577
1.22184
1.76749
1.57731
1.16782
1.36747
1.46867
1.65427
1.79309
1.66306
1.61303
1.99085
1.11948
1.14856
1.85228
1.50953
1.21727
1.99327
1.3153
1.25873
1.80918
1.35368
1.46784
1.27417
1.7982
1.81414
1.94809
1.82288
1.51514
1.221
1.74663
1.43154
1.8883
1.94119
1.50301
1.70204
1.70654
1.48102
1.96031
1.42602
1.32287
1.76193
1.93263
1.71122
1.51743
1.88447
1.55363
1.57364
1.39393
1.92655
1.00554
1.7285
1.35575
1.21293
1.36203
1.8783
1.36333
1.50321
1.76749
1.91448
1.82637
1.41175
1.63084
1.34191
1.38169
1.96246
1.64701
1.95785
1.80345
1.22939
1.8792
1.5925
1.78617
1.53214
1.96829
1.57495
1.47684
1.42114
1.59898
1.10657
1.36861
1.21581
1.80721
1.79822
1.55454
1.89515
1.92914
1.97763
1.91772
1.04001
1.73282
1.89637
1.83783
1.53645
1.32132
1.39725
1.27744
1.93625
1.46374
1.85229
1.21277
1.00012
1.0929
1.17512
1.51486
1.87999
1.78479
1.52982
1.27384
1.02638
1.86971
1.27544
1.14521
1.50541
1.33509
1.1617
1.21929
1.83652
1.72035
1.05149
1.62327
1.28627
1.81278
1.54587
1.01827
1.01611
1.93504
1.39059
1.91066
1.81947
1.09037
1.35824
1.01899
1.45003
1.03037
1.27035
1.00258
1.43375
1.58717
1.99198
1.43552
1.36243
1.87313
1.48505
1.74386
1.75418
1.32368
1.73535
1.18559
1.13209
1.00997
1.37304
1.0108
1.84846
1.24317
1.68003
1.67714
1.88583
1.15357
1.94669
1.29374
1.7366
1.47554
1.16487
1.82745
1.5397
1.35417
1.842
1.0318
1.06774
1.62818
1.63494
1.76974
1.44139
1.85847
1.38166
1.96478
1.7803
1.42597
1.3461
1.53918
1.43121
1.78263
1.66733
1.69262
1.34384
1.57578
1.41891
1.0686
1.09755
1.2263
1.86103
1.28086
1.12522
1.07426
1.32585
1.757
1.4092
1.7565
1.27018
1.86618
1.974
1.75601
1.94742
1.18328
1.9873
1.04042
1.39521
1.59855
1.15049
1.17444
1.14868
1.01324
1.00154
1.04127
1.42564
1.9644
1.18269
1.74504
1.33966
1.65109
1.64112
1.2231
1.75025
1.45408
1.17564
1.25501
1.72563
1.39097
1.38658
1.73469
1.97355
1.24234
1.20662
1.42441
1.71793
1.85167
1.35072
1.36329
1.33629
1.40618
1.06031
1.12884
1.51853
1.88352
1.16334
1.72806
1.21791
1.83497
1.10068
1.36548
1.5891
1.4707
1.36589
1.97055
1.53238
1.40279
1.04125
1.27991
1.66655
1.01853
1.20804
1.02272
1.05349
1.43213
1.28745
1.23639
1.72703
1.20422
1.1999
1.69086
1.24957
1.143
1.13128
1.94466
1.21424
1.67942
1.47389
1.57445
1.41631
1.13316
1.33066
1.14442
1.83674
1.41302
1.02978
1.85043
1.23055
1.90592
1.31239
1.46734
1.95971
1.86792
1.21879
1.70478
1.44841
1.09047
1.51251
1.32687
1.8653
1.74554
1.36527
1.74897
1.50677
1.3934
1.25325
1.81077
1.76983
1.79572
1.1763
1.60414
1.33877
1.92104
1.34257
1.64878
1.20236
1.8964
1.81497
1.82856
1.65238
1.77434
1.72189
1.85623
1.97654
1.49391
1.31853
1.65149
1.09996
1.00188
1.05189
1.65481
1.61363
1.53836
1.90224
1.28586
1.63127
1.47918
1.67462
1.48072
1.16028
1.0313
1.94487
1.77492
1.93407
1.23168
1.10012
1.72022
1.71102
1.24395
1.64157
1.198
1.2019
1.90706
1.57987
1.39681
1.78076
1.08188
1.48945
1.72751
1.45969
1.86198
1.23456
1.29952
1.53474
1.78574
1.6395
1.7679
1.83435
1.66772
1.13086
1.21394
1.38491
1.84106
1.03578
1.48866
1.6248
1.27046
1.45816
1.55393
1.74488
1.90339
1.2072
1.1352
1.3052
1.48457
1.99932
1.70891
1.53731
1.18077
1.08865
1.27241
1.40219
1.0671
1.62396
1.05073
1.30387
1.20164
1.98016
1.27451
1.34165
1.64065
1.66743
1.81467
1.35651
1.99957
1.46161
1.61132
1.97267
1.20454
1.16443
1.16342
1.98639
1.86556
1.61634
1.93622
1.15287
1.37772
1.52276
1.11417
1.85812
1.17969
1.40014
1.35439
1.1922
1.12204
1.87923
1.80993
1.24253
1.52475
1.0615
1.80203
1.15659
1.94016
1.52746
1.60254
1.6556
1.45756
1.69053
1.41613
1.8228
1.95419
1.36003
1.03709
1.64598
1.37466
1.10059
1.30551
1.28939
1.80797
1.24349
1.05105
1.37871
1.92935
1.02394
1.01297
1.12499
1.29316
1.71665
1.43853
1.13351
1.02851
1.50953
1.25078
1.82963
1.3173
1.96287
1.02504
1.26152
1.63084
1.441
1.46324
1.50402
1.80472
1.13926
1.33277
1.70748
1.34133
1.92306
1.92324
1.66396
1.7858
1.39558
1.66904
1.02896
1.76162
1.26777
1.43102
1.54097
1.38956
1.54516
1.71466
1.71836
1.95971
1.9496
1.04189
1.3722
1.26454
1.27933
1.12843
1.59072
1.15804
1.57624
1.56626
1.32296
1.8268
1.78826
1.27619
1.07049
1.28595
1.30952
1.01538
1.22089
1.04322
1.0707
1.90794
1.47895
1.12084
1.2096
1.77289
1.55089
1.53942
1.02311
1.13695
1.31871
1.3339
1.23544
1.94367
1.79052
1.42821
1.55764
1.442
1.91372
1.28019
1.26921
1.36056
1.28499
1.73054
1.02695
1.57491
1.15884
1.86426
1.79923
1.18156
1.48974
1.87169
1.2576
1.69626
1.41182
1.21662
1.44856
1.54918
1.46238
1.13848
1.30381
1.66361
1.7632
1.43624
1.48058
1.87467
1.20995
1.60891
1.67075
1.25281
1.40735
1.51098
1.59075
1.38989
1.10386
1.71117
1.96701
1.9365
1.66615
1.51735
1.92422
1.55388
1.24609
1.20289
1.96526
1.5774
1.32362
1.31486
1.47778
1.4726
1.84934
1.30166
1.80884
1.8292
1.62259
1.31813
1.87921
1.74488
1.12465
1.97925
1.08161
1.35842
1.88766
1.62404
1.92243
1.82611
1.50376
1.50121
1.39435
1.15342
1.03835
1.4046
1.24618
1.10993
1.46675
1.20622
1.19635
1.71689
1.48362
1.17196
1.27474
1.90375
1.95266
1.6456
1.30154
1.69174
1.70967
1.7051
1.2602
1.80934
1.01657
1.22935
1.02504
1.75856
1.75336
1.22692
1.50865
1.62196
1.04793
1.00972
1.00206
1.11962
1.96815
1.41769
1.64474
1.97127
1.73249
1.67816
1.41623
1.88743
1.387
1.83489
1.98983
1.78627
1.03145
1.39071
1.50129
1.89883
1.05987
1.48419
1.65275
1.83731
1.42423
1.4062
1.22829
1.46228
1.85845
1.7186
1.74737
1.50122
1.66041
1.14912
1.53496
1.69319
1.0725
1.5002
1.03947
1.21324
1.36899
1.84761
1.87568
1.00047
1.40998
1.88943
1.58517
1.7469
1.58785
1.42753
1.53322
1.95654
1.87818
1.66106
1.50327
1.09614
1.91716
1.14721
1.17702
1.09838
1.24277
1.02056
1.10059
1.58442
1.19905
1.61945
1.10837
1.5521
1.05076
1.07303
1.91232
1.67646
1.17706
1.92557
1.69247
1.43506
1.57354
1.76001
1.91045
1.68894
1.21304
1.01486
1.42971
1.34584
1.99328
1.6293
1.72082
1.19608
1.74638
1.28889
1.79102
1.70298
1.21296
1.19546
1.32473
1.71909
1.61408
1.5247
1.11085
1.2445
1.67763
1.35261
1.20102
1.38596
1.15576
1.15995
1.21304
1.64318
1.44522
1.06735
1.02015
1.55074
1.32509
1.29001
1.46129
1.45876
1.95921
1.5317
1.74974
1.2283
1.86941
1.84261
1.65975
1.23706
1.37891
1.7057
1.99149
1.5544
1.78419
1.60275
1.69326
1.07463
1.35443
1.51535
1.43748
1.7676
1.19084
1.58939
1.84034
1.22924
1.27845
1.48322
1.17497
1.47378
1.23988
1.4642
1.4402
1.53084
1.68854
1.41339
1.83805
1.7109
1.11544
1.22655
1.72152
1.26485
1.28965
1.40063
1.23064
1.99477
1.58077
1.54251
1.41133
1.12032
1.85973
1.39395
1.29581
1.71645
1.24805
1.13919
1.92279
1.86759
1.98878
1.68764
1.31218
1.62242
1.3189
1.74016
1.56989
1.40392
1.73866
1.7871
1.45504
1.97822
1.82226
1.89622
1.14311
1.78967
1.0497
1.89498
1.42392
1.58578
1.3329
1.39411
1.54358
1.10935
1.77275
1.11753
1.65054
1.32273
1.36839
1.47149
1.01572
1.14623
1.19679
1.50216
1.2983
1.25796
1.83264
1.09905
1.83569
1.24946
1.18662
1.48158
1.06458
1.7249
1.75809
1.31047
1.70525
1.55502
1.36674
1.32665
1.89795
1.75165
1.82994
1.98678
1.48594
1.30055
1.73118
1.2634
1.12556
1.98395
1.37234
1.53218
1.25509
1.77518
1.02384
1.04334
1.22373
1.22995
1.84117
1.48651
1.71175
1.9028
1.92651
1.36964
1.21593
1.46703
1.41427
1.98556
1.65792
1.73149
1.65743
1.64578
1.2228
1.16721
1.75303
1.02702
1.31973
1.33252
1.21375
1.85128
1.75898
1.37646
1.59161
1.27733
1.92038
1.41713
1.09156
1.65724
1.26502
1.22271
1.61654
1.56515
1.47185
1.62588
1.3083
1.37416
1.7848
1.86939
1.45393
1.85225
1.46664
1.6306
1.63725
1.60423
1.29926
1.90586
1.38145
1.84717
1.53616
1.60078
1.85305
1.84702
1.67686
1.01424
1.45625
1.60521
1.20309
1.6245
1.99889
1.08008
1.43445
1.69172
1.27661
1.24256
1.18546
1.17928
1.57847
1.93705
1.79743
1.36309
1.00039
1.33402
1.60028
1.15573
1.61351
1.07994
1.19748
1.07186
1.37099
1.45168
1.03517
1.20087
1.34159
1.51578
1.3365
1.54745
1.3337
1.77153
1.95011
1.7967
1.76337
1.48893
1.38778
1.98327
1.20575
1.98324
1.8196
1.24407
1.87224
1.10672
1.30495
1.78382
1.17101
1.59979
1.66474
1.75073
1.52184
1.20088
1.12819
1.4102
1.34056
1.69517
1.83336
1.0648
1.45443
1.65747
1.93179
1.28264
1.97811
1.69233
1.9063
1.80738
1.4325
1.56653
1.21916
1.68145
1.697
1.33324
1.95243
1.34282
1.5714
1.34664
1.45162
1.36711
1.97958
1.5766
1.98822
1.44905
1.40606
1.065
1.40252
1.63932
1.93206
1.11332
1.10315
1.4678
1.8573
1.18858
1.69426
1.27102
1.86279
1.59476
1.52251
1.713
1.57546
1.68676
1.48814
1.74992
1.11686
1.03154
1.4255
1.03015
1.19924
1.30989
1.93715
1.19226
1.02615
1.28487
1.49974
1.19323
1.45142
1.65921
1.34674
1.6941
1.22951
1.45517
1.12405
1.62351
1.11696
1.24969
1.87566
1.71245
1.59157
1.96194
1.06872
1.06179
1.17736
1.87356
1.90744
1.72443
1.03004
1.04684
1.39914
1.35218
1.60183
1.85783
1.49298
1.45941
1.73063
1.58737
1.74066
1.3691
1.80772
1.36223
1.42803
1.31431
1.06818
1.61632
1.98346
1.38575
1.42329
1.9446
1.71306
1.11838
1.87855
1.11102
1.12371
1.9326
1.00575
1.83784
1.5132
1.84961
1.99547
1.92714
1.04473
1.57777
1.56014
1.78493
1.87095
1.20709
1.96527
1.43071
1.58931
1.47516
1.4529
1.44614
1.87573
1.08291
1.01918
1.61775
1.1422
1.98844
1.79446
1.83801
1.44853
1.07601
1.74075
1.96498
1.18593
1.72659
1.98372
1.80403
1.74194
1.58297
1.28332
1.45749
1.90575
1.37659
1.91286
1.64583
1.67541
1.10541
1.11678
1.9284
1.7355
1.3529
1.82264
1.79663
1.72405
1.82384
1.35216
1.11318
1.92493
1.87399
1.43228
1.76337
1.35388
1.84266
1.5697
1.70014
1.91134
1.8677
1.89546
1.76885
1.03656
1.8446
1.21702
1.13442
1.06916
1.71338
1.90201
1.68694
1.65539
1.89617
1.78961
1.26804
1.33977
1.82142
1.57789
1.78498
1.99566
1.41595
1.86116
1.47735
1.19181
1.36258
1.58867
1.70481
1.83025
1.31741
1.66888
1.38941
1.34594
1.1656
1.38431
1.71086
1.89743
1.12504
1.75342
1.9728
1.67748
1.82263
1.69689
1.03457
1.60427
1.28465
1.8093
1.76513
1.23351
1.76459
1.33825
1.97686
1.85702
1.57853
1.66253
1.89691
1.89488
1.9586
1.82652
1.76581
1.07389
1.92495
1.74674
1.9372
1.36014
1.83497
1.87881
1.48177
1.93253
1.79956
1.75055
1.58821
1.3726
1.04143
1.17287
1.14849
1.07918
1.05977
1.13373
1.83997
1.5892
1.27452
1.88931
1.91105
1.89179
1.11421
1.26948
1.54631
1.25677
1.39209
1.17379
1.58244
1.89314
1.85688
1.03131
1.28278
1.55842
1.23465
1.7958
1.64217
1.29386
1.13021
1.60961
1.24742
1.42961
1.02317
1.41657
1.60636
1.4144
1.55977
1.92685
1.78655
1.94343
1.91495
1.2437
1.06984
1.99561
1.73736
1.39944
1.82212
1.68495
1.26025
1.79174
1.17079
1.97012
1.32022
1.87598
1.9496
1.26493
1.84635
1.57072
1.80111
1.58661
1.13383
1.17618
1.60845
1.24759
1.26103
1.40139
1.01529
1.26976
1.05904
1.07486
1.64437
1.60267
1.58797
1.08408
1.5
1.28141
1.90791
1.61101
1.61898
1.51032
1.70223
1.01717
1.0027
1.92716
1.1042
1.35241
1.73401
1.85159
1.84427
1.36335
1.39689
1.92659
1.38533
1.90027
1.36501
1.01841
1.12235
1.09097
1.27733
1.36921
1.62604
1.20357
1.34014
1.22712
1.21616
1.67098
1.87998
1.05301
1.5148
1.39094
1.52569
1.12684
1.33689
1.50601
1.3862
1.51571
1.39666
1.60188
1.74623
1.02654
1.64114
1.51208
1.67031
1.81456
1.41207
1.30213
1.67063
1.38576
1.19972
1.81978
1.60576
1.18614
1.04408
1.74218
1.75801
1.14932
1.314
1.29367
1.77965
1.64861
1.88358
1.56226
1.049
1.56779
1.91589
1.68948
1.29141
1.29022
1.84878
1.28466
1.19372
1.52319
1.99498
1.90253
1.12706
1.77176
1.66603
1.43119
1.49377
1.58841
1.18907
1.93097
1.67407
1.75634
1.06383
1.0656
1.49603
1.34623
1.92065
1.094
1.82291
1.72462
1.07778
1.0347
1.9257
1.83157
1.77375
1.75615
1.0032
1.56381
1.11006
1.3604
1.49513
1.43948
1.50846
1.84504
1.81708
1.30743
1.51762
1.47473
1.02316
1.69648
1.05992
1.7038
1.17884
1.85683
1.8915
1.90509
1.95111
1.31142
1.08694
1.97117
1.11154
1.19526
1.02185
1.28813
1.04793
1.48972
1.20053
1.84263
1.58159
1.52033
1.87826
1.22766
1.59115
1.0559
1.65696
1.80944
1.27197
1.10693
1.42538
1.08682
1.15762
1.11647
1.6775
1.67792
1.7499
1.85729
1.01645
1.65128
1.43401
1.3652
1.96747
1.31032
1.89009
1.36083
1.31693
1.57085
1.83657
1.16949
1.40188
1.50709
1.98586
1.398
1.55256
1.75904
1.52534
1.50751
1.6268
1.0667
1.14589
1.95956
1.89654
1.09588
1.63311
1.72129
1.65
1.56252
1.49229
1.89335
1.33837
1.44498
1.41928
1.09585
1.198
1.50935
1.27716
1.89725
1.20893
1.74822
1.21052
1.01909
1.78617
1.66032
1.01102
1.63884
1.48316
1.83426
1.81164
1.26081
1.12626
1.90708
1.5501
1.83315
1.16903
1.37386
1.17273
1.72545
1.23098
1.38803
1.77529
1.19105
1.9915
1.52213
1.04414
1.22337
1.56544
1.34044
1.7103
1.20749
1.13727
1.80215
1.25595
1.66943
1.03288
1.49412
1.22362
1.25546
1.64111
1.68512
1.02229
1.02844
1.38357
1.30772
1.90837
1.92465
1.28545
1.26734
1.64168
1.61559
1.78426
1.95335
1.60532
1.6382
1.88962
1.43928
1.06357
1.50637
1.17625
1.325
1.95027
1.83987
1.36586
1.46475
1.75859
1.45441
1.00469
1.16014
1.43021
1.22186
1.59568
1.55776
1.48909
1.53524
1.62298
1.65021
1.07989
1.83365
1.60766
1.83623
1.69891
1.64351
1.79686
1.65556
1.52751
1.54628
1.84539
1.32882
1.09252
1.72912
1.05355
1.01984
1.68961
1.92973
1.6577
1.18402
1.10202
1.77161
1.01874
1.19366
1.89877
1.97214
1.87594
1.70665
1.70901
1.91316
1.0635
1.02313
1.80684
1.1399
1.50346
1.75961
1.51801
1.25713
1.632
1.31037
1.87279
1.62135
1.89284
1.04407
1.40449
1.09356
1.52079
1.23277
1.52256
1.2431
1.40792
1.39845
1.12435
1.74109
1.89785
1.1576
1.16468
1.26362
1.26096
1.34159
1.57866
1.43755
1.93203
1.56981
1.41119
1.1618
1.50955
1.74352
1.39132
1.45245
1.10504
1.18625
1.61054
1.77025
1.40496
1.36386
1.36756
1.4114
1.31732
1.21438
1.18458
1.99132
1.70119
1.14392
1.82236
1.05146
1.59237
1.70698
1.1862
1.19582
1.26448
1.16789
1.50654
1.72007
1.48566
1.74607
1.40419
1.13002
1.45738
1.65709
1.03932
1.48792
1.02825
1.8187
1.28588
1.06285
1.31376
1.89452
1.57537
1.39934
1.4386
1.79094
1.33132
1.66124
1.16885
1.74909
1.23798
1.97748
1.51146
1.09198
1.7319
1.52485
1.02256
1.14299
1.98146
1.12393
1.33375
1.40066
1.57224
1.91022
1.74275
1.76052
1.63215
1.51742
1.09888
1.89565
1.77544
1.6984
1.63698
1.23263
1.56835
1.26479
1.29434
1.45072
1.18843
1.92633
1.18712
1.3037
1.48199
1.78869
1.15265
1.66357
1.63499
1.29675
1.50545
1.51624
1.31954
1.89838
1.48046
1.10191
1.27243
1.61184
1.76821
1.07478
1.58919
1.28167
1.00831
1.38286
1.66277
1.64044
1.56034
1.5221
1.03391
1.60112
1.02037
1.77328
1.86415
1.13547
1.71153
1.96694
1.95268
1.83669
1.06683
1.55636
1.93116
1.15124
1.90853
1.05931
1.20057
1.92242
1.28828
1.31427
1.37726
1.18722
1.08679
1.80132
1.76308
1.84842
1.37519
1.08416
1.3012
1.27718
1.29569
1.06376
1.98501
1.60403
1.67067
1.53746
1.73236
1.54232
1.25197
1.97414
1.40819
1.39267
1.73961
1.9754
1.72351
1.38106
1.59138
1.24332
1.44759
1.83023
1.55047
1.89079
1.00939
1.76935
1.43707
1.41303
1.56727
1.04554
1.79947
1.1563
1.56684
1.98091
1.46492
1.12937
1.49799
1.03443
1.58731
1.38031
1.353
1.66625
1.14153
1.36975
1.47103
1.21255
1.46132
1.64949
1.26183
1.87252
1.89788
1.18826
1.32469
1.76065
1.40156
1.04015
1.65969
1.1209
1.17642
1.38354
1.60784
1.57262
1.9795
1.56218
1.26548
1.40987
1.92733
1.80108
1.16501
1.28123
1.61025
1.89826
1.163
1.56785
1.08662
1.44352
1.97984
1.73251
1.95539
1.05571
1.70219
1.94907
1.83188
1.76708
1.37721
1.68532
1.20287
1.28144
1.11291
1.73957
1.2768
1.26071
1.00768
1.14322
1.57692
1.61169
1.13829
1.96571
1.79204
1.04395
1.64661
1.57064
1.28111
1.65877
1.52555
1.76862
1.55165
1.43095
1.21554
1.3528
1.79913
1.15763
1.85196
1.36353
1.52413
1.55032
1.1583
1.02742
1.09483
1.72794
1.77916
1.84313
1.32323
1.33248
1.32405
1.00874
1.0984
1.47956
1.59808
1.5362
1.43143
1.17577
1.2263
1.51834
1.95599
1.87767
1.71879
1.9017
1.54991
1.69769
1.66211
1.52905
1.61845
1.79603
1.13577
1.19548
1.46262
1.36639
1.4682
1.96063
1.10311
1.67535
1.12952
1.01047
1.80421
1.99278
1.15272
1.44839
1.15424
1.17688
1.88101
1.65806
1.79098
1.89643
1.35134
1.02186
1.12721
1.39611
1.59681
1.23852
1.82846
1.20407
1.44655
1.1075
1.34952
1.32664
1.98992
1.53452
1.12737
1.02122
1.56025
1.22569
1.69233
1.11985
1.03184
1.29032
1.30179
1.85645
1.08118
1.71059
1.07819
1.5871
1.74705
1.52385
1.63492
1.86213
1.73312
1.48006
1.91444
1.88921
1.60907
1.8036
1.28479
1.52235
1.79462
1.75187
1.37902
1.40435
1.11422
1.359
1.01182
1.36338
1.01231
1.16498
1.97121
1.82406
1.72931
1.29626
1.33293
1.18891
1.37215
1.33709
1.31034
1.85064
1.27062
1.26665
1.24302
1.05384
1.01311
1.78723
1.61816
1.38981
1.61396
1.20646
1.64202
1.30737
1.62608
1.49726
1.78299
1.27515
1.83696
1.46204
1.93733
1.15676
1.59564
1.06379
1.31973
1.81633
1.76551
1.34593
1.09404
1.39447
1.73055
1.87221
1.41306
1.22232
1.00681
1.22574
1.91554
1.93546
1.14349
1.08793
1.65622
1.75944
1.39077
1.47384
1.78035
1.84862
1.33074
1.8138
1.07248
1.30535
1.38451
1.13589
1.72531
1.06025
1.35006
1.45343
1.14378
1.1125
1.91678
1.12092
1.71994
1.05005
1.54112
1.45762
1.56754
1.14521
1.43138
1.14943
1.16396
1.14546
1.93792
1.72656
1.77882
1.31747
1.94529
1.92632
1.59935
1.7365
1.92496
1.50468
1.64729
1.13416
1.67485
1.27142
1.94358
1.65075
1.16605
1.68955
1.20302
1.15544
1.85544
1.45478
1.54214
1.76741
1.22074
1.05117
1.43891
1.57193
1.58187
1.05636
1.77638
1.72145
1.74337
1.94995
1.43414
1.17974
1.29343
1.37648
1.29361
1.46041
1.67944
1.76611
1.81649
1.65618
1.07116
1.06644
1.69369
1.3919
1.96143
1.42255
1.90076
1.0982
1.57406
1.68869
1.36873
1.32716
1.52284
1.75527
1.03703
1.7331
1.03934
1.86152
1.34544
1.3775
1.9968
1.48788
1.22773
1.73991
1.01855
1.53463
1.63199
1.99939
1.8042
1.93385
1.69749
1.7416
1.0469
1.27974
1.58435
1.68063
1.74418
1.87651
1.8769
1.16922
1.07611
1.02844
1.61741
1.27547
1.44364
1.46974
1.12515
1.38916
1.68681
1.71959
1.54276
1.20921
1.20227
1.82452
1.51787
1.58973
1.35934
1.83092
1.06185
1.34804
1.78961
1.29067
1.66335
1.20889
1.85835
1.95746
1.9483
1.70685
1.29277
1.71499
1.93755
1.35884
1.47479
1.90223
1.20483
1.21803
1.15408
1.31068
1.76417
1.77327
1.83832
1.53605
1.51244
1.13075
1.12324
1.86376
1.93617
1.78385
1.38036
1.01293
1.03414
1.16884
1.40649
1.43785
1.10774
1.68722
1.06122
1.97263
1.89996
1.86279
1.63831
1.77311
1.18924
1.75135
1.84577
1.35249
1.44892
1.5791
1.15057
1.73634
1.20476
1.81792
1.39491
1.93707
1.95315
1.888
1.87539
1.85916
1.48846
1.26203
1.82824
1.34453
1.32626
1.99221
1.01454
1.08221
1.81863
1.2323
1.32704
1.23013
1.7811
1.26399
1.96704
1.66198
1.99742
1.64164
1.21061
1.96593
1.85974
1.39205
1.29098
1.01898
1.09294
1.29531
1.73402
1.39164
1.78127
1.29215
1.81314
1.52852
1.46535
1.08713
1.05626
1.89204
1.84869
1.83287
1.9803
1.64127
1.23931
1.98473
1.02091
1.48743
1.0648
1.53405
1.12376
1.29984
1.44587
1.88893
1.44062
1.45507
1.10538
1.09959
1.99929
1.87474
1.70271
1.01278
1.19167
1.04731
1.51103
1.81573
1.86347
1.28863
1.6752
1.45141
1.33085
1.17531
1.1016
1.36445
1.68768
1.84732
1.8702
1.26117
1.31526
1.50713
1.16059
1.0872
1.40339
1.08153
1.54395
1.03061
1.65674
1.55454
1.05431
1.44073
1.05625
1.04851
1.1394
1.63639
1.30253
1.11867
1.9651
1.38346
1.01892
1.06305
1.21362
1.47874
1.56727
1.72491
1.88455
1.77432
1.70909
1.93836
1.444
1.42397
1.32142
1.33037
1.92085
1.62778
1.31691
1.15573
1.26575
1.41173
1.95424
1.82436
1.90724
1.14034
1.52403
1.13099
1.65933
1.11662
1.4604
1.95082
1.08816
1.63581
1.75441
1.3108
1.25365
1.62644
1.13222
1.76167
1.24872
1.34205
1.13252
1.70528
1.43621
1.22425
1.49909
1.20909
1.15258
1.57796
1.45885
1.61396
1.15013
1.68175
1.44473
1.48316
1.98062
1.62571
1.8296
1.73995
1.40992
1.88583
1.92903
1.76789
1.43203
1.66262
1.74073
1.75351
1.37239
1.61476
1.97487
1.47337
1.94034
1.07377
1.88162
1.06387
1.70969
1.18018
1.32647
1.73318
1.66994
1.93515
1.0779
1.10405
1.46176
1.29445
1.21447
1.5923
1.37888
1.32872
1.94358
1.45292
1.85084
1.10439
1.47394
1.73963
1.82639
1.16839
1.43536
1.95238
1.78363
1.05472
1.65499
1.58261
1.77298
1.2631
1.59196
1.64956
1.02678
1.68423
1.27543
1.574
1.54517
1.95122
1.20716
1.17912
1.58572
1.98468
1.13275
1.003
1.73705
1.69244
1.10498
1.8207
1.85852
1.91446
1.51844
1.3915
1.76393
1.68661
1.56579
1.91751
1.05197
1.58258
1.3706
1.10624
1.48376
1.82278
1.00308
1.32849
1.33038
1.63615
1.99192
1.4242
1.53411
1.02209
1.21716
1.17062
1.37241
1.08618
1.88251
1.86312
1.48096
1.55813
1.27776
1.17243
1.32611
1.21758
1.96796
1.71008
1.02945
1.41637
1.7345
1.67179
1.34621
1.55107
1.92641
1.19787
1.04977
1.46468
1.29178
1.29405
1.04269
1.79404
1.56831
1.32696
1.6214
1.23926
1.81917
1.85172
1.31532
1.35751
1.79408
1.85935
1.66538
1.37769
1.6893
1.99161
1.58542
1.81886
1.14492
1.01426
1.63821
1.95899
1.5874
1.32514
1.3588
1.23733
1.72582
1.86904
1.69781
1.39937
1.637
1.24086
1.93241
1.09653
1.77582
1.30807
1.96833
1.22491
1.13134
1.85022
1.74689
1.56723
1.85592
1.67405
1.53416
1.51472
1.75795
1.2035
1.00136
1.0085
1.01873
1.26029
1.49053
1.39012
1.38636
1.05577
1.85987
1.56353
1.67362
1.69525
1.80754
1.14717
1.61301
1.80204
1.93687
1.84973
1.94684
1.554
1.77887
1.95725
1.77385
1.30227
1.26091
1.69345
1.00414
1.30947
1.39717
1.02823
1.12799
1.93022
1.22884
1.16473
1.49455
1.02021
1.39076
1.81774
1.70897
1.39078
1.51961
1.45363
1.27541
1.70918
1.17064
1.21226
1.46348
1.30867
1.32987
1.29458
1.76827
1.77361
1.54162
1.6325
1.80634
1.39298
1.19106
1.89289
1.35264
1.66823
1.84529
1.74623
1.41937
1.88985
1.29411
1.31318
1.08376
1.96553
1.24798
1.33644
1.45857
1.37881
1.31881
1.13787
1.31886
1.23336
1.90943
1.37943
1.21085
1.09027
1.68729
1.50275
1.00661
1.02034
1.95541
1.0267
1.26675
1.19622
1.29631
1.43661
1.26709
1.48172
1.94966
1.71573
1.41128
1.69277
1.83373
1.65905
1.23234
1.24516
1.07655
1.87233
1.01483
1.27314
1.55221
1.74537
1.35829
1.02752
1.40296
1.79842
1.44163
1.43224
1.44244
1.95713
1.7277
1.3268
1.99205
1.51945
1.22571
1.67014
1.87898
1.9126
1.21933
1.01103
1.46203
1.06819
1.73513
1.22483
1.79141
1.55749
1.62647
1.28449
1.52405
1.12771
1.88885
1.88
1.1856
1.1394
1.96764
1.38936
1.44503
1.64714
1.44849
1.4528
1.68124
1.68626
1.967
1.14081
1.55152
1.55415
1.00964
1.18502
1.34048
1.31303
1.71839
1.37903
1.11597
1.00723
1.84905
1.04237
1.17513
1.01763
1.99429
1.3446
1.62094
1.49481
1.80929
1.59868
1.90877
1.43777
1.56204
1.18661
1.70949
1.87612
1.33549
1.85747
1.28728
1.25946
1.65566
1.05177
1.91064
1.63483
1.65149
1.91122
1.40971
1.3571
1.87499
1.39479
1.76033
1.76439
1.86951
1.09941
1.80173
1.70491
1.52608
1.3646
1.54698
1.0881
1.42692
1.29164
1.05759
1.75463
1.47894
1.61127
1.19712
1.81815
1.53514
1.9954
1.14269
1.14577
1.85608
1.36989
1.32713
1.21166
1.87734
1.45827
1.39203
1.98061
1.15122
1.65736
1.05742
1.9174
1.50447
1.2596
1.70832
1.64649
1.53423
1.76006
1.22372
1.55635
1.28432
1.10404
1.67759
1.49104
1.52927
1.47708
1.37816
1.63067
1.77563
1.22337
1.29454
1.03452
1.32122
1.23092
1.17654
1.77616
1.63724
1.38042
1.01574
1.94175
1.14252
1.41494
1.72996
1.8573
1.04974
1.45009
1.98971
1.77605
1.79248
1.59726
1.2474
1.05078
1.09156
1.49277
1.43943
1.22205
1.7369
1.67533
1.0391
1.01167
1.26189
1.97093
1.31676
1.82721
1.97366
1.27276
1.89371
1.52645
1.87991
1.63089
1.29097
1.96048
1.77286
1.6521
1.73765
1.63003
1.22078
1.03862
1.99163
1.55554
1.57693
1.72444
1.67377
1.22355
1.65947
1.70354
1.19652
1.72246
1.92929
1.84405
1.05749
1.87328
1.28056
1.55911
1.58303
1.83071
1.35679
1.38557
1.22258
1.46194
1.04403
1.83317
1.19281
1.96015
1.90609
1.05497
1.01387
1.44832
1.20757
1.16767
1.74397
1.77572
1.63002
1.25656
1.12154
1.25181
1.41105
1.27808
1.269
1.48438
1.34388
1.08805
1.82158
1.6558
1.469
1.33463
1.19317
1.57802
1.21069
1.5569
1.83073
1.98986
1.876
1.09161
1.18511
1.91086
1.76812
1.62333
1.03103
1.5796
1.26274
1.8096
1.52594
1.0951
1.32836
1.55301
1.39272
1.58175
1.63646
1.98312
1.13929
1.11394
1.04505
1.47663
1.69833
1.20129
1.79777
1.24225
1.97
1.00783
1.69344
1.73461
1.81329
1.1106
1.14998
1.1977
1.92346
1.89581
1.86574
1.99947
1.68196
1.62547
1.70618
1.12139
1.96267
1.76234
1.30755
1.0218
1.00499
1.96215
1.04717
1.93108
1.60025
1.77612
1.37919
1.52225
1.9067
1.64402
1.08349
1.24916
1.04798
1.74539
1.50585
1.6033
1.09175
1.60177
1.62694
1.63166
1.12889
1.06353
1.04481
1.07442
1.92837
1.8203
1.25643
1.69083
1.93285
1.68745
1.87443
1.36434
1.85291
1.39514
1.93559
1.61533
1.92495
1.25117
1.23443
1.51003
1.95831
1.65453
1.19179
1.91974
1.40629
1.44384
1.0032
1.00413
1.01287
1.39821
1.70769
1.03241
1.59583
1.87519
1.86202
1.9861
1.81529
1.14747
1.76907
1.35357
1.58521
1.9786
1.19447
1.14758
1.21685
1.63093
1.05972
1.80211
1.02411
1.85681
1.52504
1.25277
1.08544
1.40121
1.30299
1.88472
1.25306
1.80862
1.94511
1.79339
1.21989
1.98609
1.13338
1.45509
1.50291
1.90728
1.31835
1.59435
1.19409
1.16676
1.04033
1.2503
1.53908
1.58793
1.64469
1.65234
1.66508
1.50103
1.52959
1.44511
1.4507
1.39569
1.04405
1.0235
1.45948
1.8317
1.99111
1.03026
1.90316
1.03185
1.16437
1.75477
1.96513
1.05798
1.00065
1.64797
1.75168
1.2306
1.06185
1.77942
1.94092
1.43025
1.55143
1.36656
1.30082
1.69818
1.28023
1.32474
1.20538
1.71165
1.77083
1.8253
1.38799
1.40065
1.77663
1.74855
1.62125
1.6289
1.90289
1.46436
1.55165
1.67455
1.44396
1.7827
1.78074
1.05359
1.74548
1.7949
1.87812
1.0869
1.78351
1.29581
1.07869
1.37208
1.68677
1.39574
1.44615
1.55579
1.09553
1.78589
1.92451
1.55327
1.96332
1.54822
1.46423
1.24825
1.92562
1.20215
1.20106
1.58718
1.56013
1.96756
1.57253
1.07742
1.47958
1.2819
1.17316
1.65316
1.97238
1.10036
1.83431
1.43657
1.48416
1.97078
1.99798
1.11901
1.08599
1.0008
1.70965
1.66044
1.13165
1.12429
1.97615
1.04325
1.6655
1.82544
1.9149
1.37502
1.1803
1.64599
1.8863
1.71788
1.04041
1.31656
1.06516
1.79756
1.9442
1.59377
1.64791
1.34137
1.44376
1.95257
1.18426
1.95603
1.98948
1.42902
1.11895
1.9391
1.27868
1.59539
1.09027
1.00072
1.53984
1.65043
1.6622
1.02922
1.30002
1.6454
1.27999
1.48624
1.99477
1.50536
1.23288
1.75225
1.87552
1.031
1.81979
1.16322
1.12263
1.254
1.35907
1.17318
1.96243
1.3508
1.79543
1.81452
1.81031
1.97436
1.68528
1.2308
1.7367
1.26134
1.14391
1.37228
1.66766
1.87362
1.94269
1.2392
1.87727
1.53047
1.93381
1.43381
1.82937
1.75704
1.77058
1.6596
1.58841
1.57492
1.31215
1.6005
1.97834
1.63586
1.30979
1.17809
1.86687
1.64115
1.81848
1.10737
1.59693
1.35576
1.23451
1.43909
1.6267
1.41372
1.06893
1.11034
1.30145
1.97038
1.1761
1.51728
1.32889
1.17884
1.82205
1.83443
1.46375
1.08064
1.90738
1.59116
1.38596
1.91032
1.09205
1.33224
1.64508
1.1836
1.3737
1.01078
1.67872
1.08434
1.59171
1.81237
1.76501
1.01183
1.27062
1.6664
1.705
1.70518
1.7236
1.11944
1.6105
1.19741
1.037
1.96303
1.04372
1.56063
1.88758
1.47823
1.68395
1.17001
1.46817
1.1983
1.30966
1.33209
1.08196
1.50464
1.8035
1.68981
1.52238
1.98379
1.50389
1.68324
1.01896
1.30267
1.17325
1.06687
1.96761
1.63757
1.95198
1.18561
1.45021
1.74649
1.54957
1.41973
1.90723
1.54777
1.91808
1.90897
1.80085
1.09283
1.14318
1.69096
1.4937
1.95081
1.03757
1.49532
1.67534
1.39445
1.72554
1.68596
1.98033
1.98107
1.62884
1.10588
1.79026
1.07113
1.57273
1.00239
1.95965
1.66176
1.02759
1.42676
1.71117
1.87639
1.11391
1.1996
1.6464
1.79713
1.33056
1.91962
1.09522
1.87614
1.35278
1.12464
1.61386
1.23188
1.63429
1.38742
1.16896
1.33747
1.85263
1.53064
1.71251
1.00144
1.03132
1.18725
1.55018
1.05386
1.34439
1.78953
1.49261
1.97153
1.82842
1.283
1.50657
1.3088
1.10841
1.78422
1.24282
1.48434
1.61928
1.86744
1.37658
1.46549
1.91172
1.26242
1.59657
1.84963
1.81737
1.87005
1.94119
1.32034
1.69359
1.57764
1.23751
1.52402
1.99422
1.69267
1.12385
1.22831
1.89883
1.20267
1.92352
1.44912
1.30097
1.63078
1.92628
1.15683
1.27095
1.06873
1.38706
1.67827
1.9505
1.48522
1.51143
1.23325
1.39129
1.67966
1.38222
1.79807
1.51023
1.16707
1.08451
1.3424
1.6519
1.04441
1.79786
1.90627
1.07202
1.67174
1.64988
1.65102
1.89063
1.88721
1.45995
1.69011
1.33507
1.1744
1.91538
1.22202
1.4933
1.49097
1.793
1.91978
1.74505
1.5607
1.01054
1.8381
1.54317
1.14662
1.91126
1.46772
1.86198
1.41711
1.06467
1.92372
1.94489
1.82248
1.29519
1.10332
1.2379
1.9202
1.26604
1.95563
1.92927
1.69884
1.72313
1.07251
1.68277
1.6236
1.12088
1.97852
1.32464
1.76888
1.91204
1.44304
1.63775
1.26809
1.77081
1.34963
1.34709
1.33173
1.28992
1.90865
1.97207
1.68865
1.53664
1.08416
1.972
1.33653
1.63715
1.08768
1.16294
1.70662
1.72709
1.16157
1.20459
1.10814
1.54683
1.06726
1.95664
1.377
1.47496
1.33396
1.75134
1.18318
1.75726
1.27816
1.58108
1.33532
1.74139
1.12453
1.19715
1.69705
1.19551
1.83434
1.45139
1.11418
1.04864
1.27846
1.47099
1.09325
1.58041
1.74276
1.88662
1.04201
1.51891
1.63511
1.63664
1.43042
1.37366
1.28538
1.38563
1.30901
1.06282
1.42703
1.8994
1.9799
1.40822
1.86391
1.83117
1.96246
1.75681
1.99486
1.82831
1.65822
1.61943
1.5778
1.07673
1.10806
1.75299
1.87896
1.07763
1.14328
1.0596
1.14938
1.37919
1.11427
1.17489
1.47766
1.57019
1.09705
1.05712
1.53782
1.46342
1.26395
1.20056
1.38448
1.96631
1.16455
1.892
1.14461
1.60537
1.02493
1.0717
1.02077
1.40894
1.32923
1.26884
1.18483
1.25765
1.82535
1.20914
1.52736
1.75883
1.35998
1.58103
1.672
1.55103
1.62247
1.41863
1.59988
1.40889
1.0707
1.75399
1.45637
1.99075
1.99003
1.23406
1.89345
1.7575
1.21905
1.33047
1.94405
1.87501
1.31052
1.99406
1.04593
1.42767
1.11395
1.36854
1.01457
1.91655
1.41918
1.07618
1.83723
1.61262
1.12644
1.02636
1.263
1.76913
1.2455
1.77691
1.09862
1.40615
1.00124
1.39294
1.38886
1.66675
1.5113
1.87758
1.91271
1.75467
1.58728
1.07585
1.9601
1.14291
1.09641
1.08063
1.30963
1.88904
1.14721
1.09224
1.28079
1.19485
1.00485
1.77936
1.49161
1.61853
1.37369
1.31975
1.11517
1.78931
1.09676
1.03432
1.02885
1.2294
1.03535
1.1783
1.54195
1.25574
1.30382
1.68197
1.08184
1.06218
1.5663
1.96897
1.07537
1.99866
1.6246
1.93928
1.12294
1.79902
1.00848
1.47776
1.6328
1.08946
1.75373
1.72534
1.57423
1.18191
1.97563
1.93737
1.13579
1.07266
1.83382
1.75581
1.98834
1.36619
1.40752
1.47054
1.472
1.09748
1.84785
1.08811
1.57541
1.00616
1.20888
1.42211
1.06825
1.35983
1.23777
1.38377
1.46387
1.41985
1.53213
1.31099
1.99832
1.93496
1.83861
1.51949
1.37338
1.36366
1.5764
1.62636
1.99559
1.70801
1.0467
1.4154
1.02708
1.83136
1.51693
1.12694
1.49555
1.50219
1.23764
1.62648
1.33054
1.4636
1.40255
1.75579
1.73859
1.42292
1.8056
1.17587
1.68355
1.85157
1.78637
1.79109
1.14506
1.10184
1.74083
1.72237
1.71246
1.93339
1.59121
1.03646
1.03016
1.02874
1.55696
1.93957
1.22794
1.86846
1.47008
1.73635
1.62457
1.35622
1.06865
1.41714
1.34149
1.57884
1.30551
1.20063
1.35593
1.61159
1.74815
1.69993
1.17348
1.71328
1.11847
1.42601
1.18871
1.0247
1.98203
1.98499
1.53375
1.79211
1.93577
1.249
1.28514
1.55752
1.93997
1.808
1.67137
1.2205
1.04722
1.6771
1.88223
1.57874
1.97212
1.69804
1.48557
1.64298
1.50199
1.67214
1.75276
1.32009
1.7541
1.39491
1.02371
1.87375
1.06636
1.79923
1.81949
1.24609
1.40778
1.81893
1.99328
1.24283
1.57067
1.00446
1.64505
1.40719
1.89452
1.32836
1.96705
1.12105
1.82787
1.49896
1.21055
1.1429
1.68636
1.00055
1.01352
1.93289
1.35597
1.86989
1.84788
1.85982
1.40521
1.69506
1.77563
1.88957
1.06287
1.58507
1.80961
1.28673
1.67255
1.72628
1.1462
1.69226
1.81975
1.76929
1.89302
1.53531
1.3558
1.31093
1.23428
1.74016
1.27931
1.12276
1.7359
1.84627
1.57709
1.10693
1.84195
1.24371
1.30201
1.80615
1.10847
1.36207
1.9478
1.45515
1.15362
1.8635
1.62978
1.75062
1.13451
1.57604
1.12407
1.87795
1.23281
1.79909
1.01446
1.88485
1.59696
1.40764
1.64493
1.76184
1.95494
1.58143
1.03748
1.63386
1.35961
1.79282
1.56722
1.08992
1.24786
1.05466
1.66533
1.18328
1.36757
1.36198
1.92988
1.07543
1.0057
1.89485
1.60855
1.67162
1.2397
1.5708
1.63495
1.41857
1.78541
1.47797
1.9036
1.43512
1.55496
1.87981
1.01405
1.96977
1.98577
1.30449
1.79909
1.18636
1.00248
1.02852
1.83166
1.86083
1.84202
1.3572
1.20332
1.10892
1.38069
1.83908
1.52878
1.28469
1.63523
1.77022
1.01196
1.55241
1.34277
1.08779
1.53239
1.14587
1.90532
1.01447
1.38694
1.90383
1.81769
1.55782
1.51837
1.76721
1.17199
1.22817
1.36143
1.23254
1.6366
1.8972
1.44248
1.06976
1.76707
1.04645
1.92203
1.55254
1.32749
1.57925
1.07553
1.8819
1.18528
1.6999
1.00355
1.53431
1.18035
1.95621
1.49244
1.13307
1.20476
1.21788
1.17899
1.01677
1.06037
1.8239
1.06849
1.81793
1.27538
1.02318
1.75734
1.84062
1.53186
1.86586
1.86032
1.72476
1.02059
1.39988
1.39622
1.25312
1.96051
1.57909
1.17202
1.72193
1.45091
1.77823
1.16476
1.22588
1.12593
1.95874
1.82898
1.98874
1.9297
1.40461
1.64264
1.19794
1.67895
1.63363
1.90791
1.62221
1.94821
1.78466
1.21408
1.87476
1.75686
1.73727
1.32749
1.48832
1.63798
1.79919
1.74342
1.39195
1.73577
1.87035
1.72603
1.00361
1.08764
1.59741
1.24593
1.258
1.65114
1.15755
1.00573
1.95692
1.97652
1.46711
1.97923
1.49203
1.78552
1.18651
1.52507
1.77614
1.14628
1.2919
1.97774
1.2266
1.59994
1.42094
1.54048
1.21292
1.86131
1.03654
1.45324
1.76816
1.05106
1.79863
1.05143
1.77065
1.2181
1.64758
1.38161
1.44072
1.38216
1.39814
1.86936
1.90905
1.39263
1.85041
1.81873
1.15558
1.14072
1.15617
1.37506
1.77374
1.23013
1.01446
1.78974
1.06583
1.88158
1.84081
1.77912
1.30204
1.88544
1.53831
1.14656
1.04142
1.28248
1.21281
1.10004
1.03094
1.01545
1.67789
1.49526
1.22953
1.18696
1.20499
1.53042
1.50336
1.60132
1.03278
1.50417
1.8521
1.76608
1.13913
1.55069
1.24642
1.37284
1.4544
1.38003
1.44487
1.92816
1.40824
1.49059
1.25724
1.15566
1.53191
1.767
1.88098
1.55731
1.79692
1.91285
1.5868
1.68242
1.4986
1.27319
1.02519
1.54824
1.4474
1.80406
1.39619
1.02047
1.90423
1.66066
1.94291
1.68288
1.65312
1.57284
1.97739
1.27221
1.15449
1.7554
1.07541
1.72143
1.50832
1.58121
1.4624
1.3803
1.715
1.68872
1.36491
1.62361
1.81321
1.67447
1.23616
1.41994
1.9391
1.66166
1.52437
1.9284
1.23724
1.53391
1.55792
1.49592
1.95523
1.04197
1.56234
1.79118
1.35409
1.66732
1.06691
1.11477
1.94685
1.09041
1.69474
1.86302
1.98209
1.44022
1.35496
1.6255
1.58294
1.6292
1.05258
1.95377
1.13709
1.56918
1.99947
1.46361
1.77189
1.4054
1.0621
1.00625
1.99068
1.31794
1.92465
1.72022
1.30032
1.05162
1.19267
1.9616
1.92477
1.3578
1.51518
1.39681
1.36474
1.09891
1.64161
1.13109
1.17898
1.09295
1.71023
1.00872
1.56563
1.88118
1.29706
1.32122
1.23372
1.61525
1.81369
1.59236
1.06205
1.0269
1.93429
1.43196
1.22605
1.9388
1.35973
1.26041
1.51433
1.69887
1.67378
1.69597
1.66732
1.15454
1.73688
1.88782
1.78229
1.13945
1.95642
1.77827
1.95839
1.35736
1.88139
1.49977
1.29632
1.30435
1.26551
1.57636
1.44611
1.24721
1.4295
1.78346
1.31097
1.59473
1.04063
1.26228
1.84706
1.60608
1.81518
1.42816
1.08965
1.12272
1.95107
1.60086
1.9521
1.03305
1.57721
1.2685
1.22525
1.38807
1.11152
1.56686
1.42388
1.35273
1.35225
1.6631
1.15539
1.20912
1.37353
1.18212
1.99799
1.03039
1.32921
1.60513
1.64745
1.4333
1.11926
1.25406
1.98744
1.68261
1.74482
1.30255
1.8422
1.54888
1.93501
1.46514
1.62675
1.27848
1.00559
1.42921
1.22602
1.27642
1.02075
1.73835
1.39089
1.46203
1.46742
1.11792
1.58753
1.50576
1.30274
1.29805
1.85484
1.91045
1.14284
1.47425
1.60743
1.04591
1.02803
1.99332
1.07792
1.20838
1.97
1.7631
1.27732
1.82681
1.10792
1.9462
1.36853
1.5064
1.60972
1.48672
1.49309
1.80802
1.23309
1.57191
1.79377
1.0928
1.70235
1.96079
1.81243
1.11814
1.78947
1.99497
1.67788
1.46373
1.55297
1.88756
1.17575
1.24647
1.65263
1.56672
1.03138
1.92524
1.83407
1.4761
1.66965
1.75295
1.3419
1.56704
1.33393
1.66478
1.0657
1.31223
1.26615
1.69786
1.32501
1.04668
1.34222
1.43379
1.13197
1.59109
1.86179
1.25903
1.09824
1.73416
1.74313
1.91775
1.31611
1.92866
1.76928
1.10848
1.81071
1.54443
1.90744
1.68959
1.98544
1.13007
1.3444
1.5401
1.23906
1.48812
1.02864
1.34442
1.88971
1.70093
1.10392
1.20018
1.05359
1.31748
1.89013
1.42368
1.31582
1.96925
1.91696
1.04994
1.84706
1.32647
1.17229
1.80075
1.25776
1.13644
1.76055
1.99877
1.3792
1.39042
1.80471
1.58999
1.51473
1.98155
1.31005
1.89208
1.85566
1.95346
1.65401
1.77996
1.70954
1.92221
1.82332
1.70628
1.12841
1.63762
1.72218
1.41587
1.18826
1.88996
1.1939
1.87579
1.25068
1.39393
1.90145
1.27878
1.0498
1.94006
1.55282
1.16999
1.31076
1.48574
1.45309
1.05619
1.33458
1.6253
1.3093
1.55712
1.58418
1.15657
1.88465
1.5263
1.78697
1.55033
1.89153
1.02733
1.16485
1.7321
1.99306
1.91725
1.81311
1.19833
1.86942
1.13629
1.21338
1.73288
1.16624
1.37377
1.71269
1.78168
1.67775
1.7575
1.60401
1.52214
1.97617
1.0887
1.44878
1.21178
1.91136
1.53792
1.54881
1.19612
1.5403
1.70674
1.14545
1.98602
1.26806
1.95902
1.37622
1.31384
1.11829
1.32045
1.32537
1.91506
1.06111
1.59143
1.59176
1.10645
1.01248
1.58692
1.21423
1.51368
1.38491
1.96283
1.46978
1.45443
1.18023
1.82259
1.37083
1.52236
1.91576
1.52446
1.63088
1.19614
1.26768
1.86953
1.85307
1.97015
1.38486
1.49231
1.49589
1.74834
1.36379
1.44907
1.59912
1.32862
1.5587
1.73798
1.82248
1.92921
1.09485
1.89076
1.86664
1.02396
1.80224
1.83163
1.88123
1.93841
1.05783
1.64657
1.89934
1.78965
1.74397
1.09339
1.01582
1.76602
1.19981
1.84273
1.60335
1.42951
1.24303
1.17622
1.7205
1.05451
1.96584
1.55713
1.19327
1.19016
1.74421
1.62539
1.76443
1.62254
1.16494
1.18952
1.27632
1.86161
1.52676
1.91694
1.75491
1.66425
1.33963
1.56621
1.95295
1.7262
1.63276
1.42171
1.29113
1.34574
1.627
1.31329
1.45939
1.18388
1.5145
1.08914
1.41544
1.18666
1.53918
1.00949
1.23457
1.98874
1.86119
1.97008
1.74142
1.9794
1.29141
1.25708
1.84461
1.7125
1.39912
1.8336
1.6534
1.32533
1.20492
1.92519
1.04229
1.37997
1.80484
1.21805
1.64488
1.35551
1.98578
1.52582
1.98294
1.74268
1.28096
1.81225
1.86981
1.2847
1.10017
1.24904
1.17201
1.4243
1.12267
1.01273
1.92766
1.32657
1.25539
1.10434
1.02836
1.64516
1.09119
1.20353
1.55791
1.18547
1.15687
1.05062
1.09612
1.66816
1.51074
1.69668
1.4494
1.5847
1.45229
1.03631
1.45443
1.30704
1.96567
1.0093
1.80194
1.43775
1.31364
1.31599
1.76773
1.7444
1.94285
1.08459
1.63913
1.04562
1.76513
1.68685
1.95606
1.31194
1.89911
1.14784
1.98725
1.84342
1.87322
1.38685
1.82084
1.40129
1.74501
1.98572
1.44621
1.56718
1.25934
1.81798
1.63456
1.25054
1.43912
1.89596
1.43456
1.16925
1.01216
1.64095
1.15198
1.31185
1.50497
1.08096
1.27571
1.72336
1.67496
1.296
1.08544
1.58054
1.67202
1.28106
1.16946
1.512
1.67806
1.84009
1.87976
1.6114
1.9498
1.55207
1.28928
1.88384
1.80838
1.31315
1.03238
1.2946
1.23585
1.4867
1.66397
1.82278
1.89476
1.10595
1.30822
1.78777
1.77263
1.12561
1.25864
1.40897
1.01676
1.78642
1.29709
1.95334
1.85453
1.26485
1.05003
1.62974
1.90196
1.34016
1.37956
1.07306
1.13178
1.93399
1.29933
1.06626
1.50225
1.95083
1.24737
1.44721
1.84755
1.84307
1.81611
1.83047
1.32607
1.70151
1.08563
1.93961
1.96604
1.02991
1.43575
1.42812
1.17596
1.7331
1.83624
1.93486
1.45858
1.03593
1.68722
1.0472
1.31054
1.42324
1.91872
1.99494
1.18712
1.59494
1.95927
1.99894
1.41508
1.42404
1.02268
1.37121
1.33705
1.44156
1.13949
1.74078
1.2121
1.11752
1.03482
1.82314
1.04632
1.15981
1.00309
1.29122
1.64076
1.1303
1.42285
1.77577
1.76221
1.4979
1.18304
1.78453
1.66119
1.81322
1.16634
1.24328
1.57287
1.1351
1.66595
1.03653
1.36909
1.31094
1.76293
1.99645
1.09649
1.70303
1.32978
1.59603
1.89298
1.18933
1.57619
1.27384
1.62496
1.10816
1.0514
1.29361
1.31099
1.91369
1.01649
1.89554
1.75581
1.27567
1.45696
1.53111
1.00462
1.23445
1.92995
1.73099
1.00372
1.29428
1.25293
1.93307
1.26931
1.35599
1.68263
1.57525
1.73206
1.43759
1.72116
1.30625
1.74489
1.35891
1.2888
1.67503
1.45431
1.29629
1.19914
1.60678
1.1598
1.72227
1.83989
1.70964
1.6866
1.99478
1.17407
1.85104
1.4299
1.75175
1.58669
1.40833
1.24215
1.67913
1.17593
1.87713
1.63681
1.10797
1.36013
1.31409
1.28927
1.50027
1.52216
1.08682
1.95947
1.73682
1.89272
1.43147
1.50492
1.34815
1.44239
1.14814
1.73274
1.08335
1.92406
1.52345
1.75183
1.32324
1.73963
1.35794
1.50624
1.88526
1.41803
1.67413
1.28385
1.96252
1.12996
1.94751
1.23871
1.27096
1.34446
1.8393
1.03568
1.45448
1.43499
1.34588
1.99119
1.6721
1.4941
1.83779
1.50712
1.02385
1.52869
1.24579
1.16861
1.83103
1.23665
1.63876
1.19871
1.7453
1.32977
1.57185
1.88097
1.58665
1.25813
1.34331
1.7843
1.96887
1.90135
1.37304
1.36963
1.91738
1.75768
1.3051
1.43773
1.91361
1.59103
1.89624
1.06912
1.3847
1.07765
1.22703
1.86908
1.21138
1.9405
1.03042
1.27058
1.14726
1.8517
1.96616
1.41197
1.39997
1.07733
1.56222
1.1368
1.19776
1.3696
1.74489
1.4835
1.48535
1.22537
1.50984
1.97037
1.82713
1.28167
1.63441
1.53474
1.73603
1.70646
1.95129
1.21649
1.64615
1.84283
1.76563
1.02571
1.76124
1.02269
1.55654
1.8989
1.21382
1.06134
1.09314
1.63732
1.73702
1.40846
1.95231
1.76363
1.95915
1.88793
1.13253
1.04093
1.51094
1.67937
1.84519
1.66382
1.2258
1.08822
1.82226
1.42112
1.93496
1.57763
1.10711
1.11105
1.32877
1.20851
1.16932
1.42955
1.62664
1.7667
1.21539
1.92643
1.57563
1.30984
1.29003
1.71399
1.16406
1.3305
1.20925
1.57267
1.26625
1.67549
1.29323
1.40444
1.15441
1.52515
1.12075
1.01794
1.13003
1.11969
1.31458
1.41461
1.12065
1.17154
1.37815
1.40776
1.24165
1.21804
1.10156
1.42074
1.96008
1.97593
1.05978
1.64516
1.75928
1.42089
1.59702
1.76667
1.66294
1.64102
1.87287
1.23756
1.84132
1.14069
1.58328
1.63938
1.80954
1.46097
1.78904
1.67956
1.08714
1.78763
1.55536
1.493
1.56582
1.42255
1.15297
1.8762
1.33065
1.08859
1.27349
1.41183
1.10652
1.19687
1.26016
1.41937
1.48748
1.34343
1.60866
1.15425
1.33389
1.41166
1.99308
1.45226
1.22795
1.34972
1.89343
1.4198
1.49645
1.11227
1.84623
1.7871
1.1874
1.94533
1.86635
1.90017
1.40704
1.03045
1.07494
1.80779
1.40223
1.72779
1.70002
1.12777
1.8125
1.05522
1.96194
1.32337
1.88113
1.30374
1.45776
1.70516
1.14428
1.08013
1.94478
1.02745
1.82869
1.75559
1.66073
1.39712
1.90471
1.67854
1.4884
1.14662
1.22871
1.8698
1.85073
1.67312
1.53258
1.24749
1.09604
1.19619
1.76973
1.79886
1.41037
1.51555
1.8687
1.1553
1.96613
1.36011
1.93227
1.5679
1.07526
1.24408
1.98995
1.1803
1.39013
1.36963
1.63146
1.0246
1.8125
1.62576
1.19415
1.52972
1.44382
1.6692
1.64339
1.40496
1.74721
1.00842
1.79782
1.99679
1.3075
1.21151
1.13672
1.25429
1.70415
1.61822
1.83508
1.01336
1.6706
1.38113
1.32096
1.03476
1.3
1.83059
1.23777
1.76352
1.24418
1.23914
1.862
1.48763
1.38261
1.46521
1.24704
1.91981
1.57242
1.79066
1.64375
1.73079
1.8723
1.15529
1.83751
1.44263
1.30878
1.17437
1.43201
1.88608
1.25812
1.34865
1.72409
1.62664
1.42324
1.75442
1.17354
1.52526
1.18373
1.73359
1.71753
1.25462
1.26479
1.67634
1.63036
1.14983
1.58326
1.41523
1.46627
1.08297
1.2716
1.98774
1.4113
1.4443
1.82941
1.21805
1.51466
1.27822
1.39416
1.85905
1.26746
1.79441
1.92742
1.08971
1.20828
1.94749
1.7995
1.57391
1.97072
1.50045
1.56718
1.27728
1.66591
1.90137
1.46057
1.61056
1.44686
1.16838
1.96383
1.33402
1.87911
1.40947
1.4014
1.48437
1.37319
1.23919
1.1602
1.27334
1.14386
1.77082
1.21068
1.5237
1.73107
1.67974
1.46564
1.12539
1.47069
1.31128
1.24177
1.89124
1.6096
1.05628
1.17096
1.85771
1.46748
1.99094
1.00794
1.10883
1.6564
1.90521
1.6055
1.44498
1.96565
1.11445
1.21955
1.09931
1.4879
1.76861
1.08086
1.5696
1.4533
1.11579
1.22601
1.14758
1.66718
1.09156
1.3609
1.98793
1.66019
1.07425
1.1065
1.38866
1.41317
1.2757
1.47273
1.79957
1.63122
1.39643
1.60801
1.40349
1.66938
1.45801
1.83353
1.84649
1.61329
1.07976
1.28588
1.81514
1.45475
1.36589
1.60649
1.341
1.30084
1.51058
1.2333
1.07479
1.33438
1.45264
1.65301
1.35129
1.41845
1.50947
1.43576
1.16444
1.05531
1.18537
1.37028
1.88142
1.47508
1.12188
1.9982
1.31754
1.57188
1.6226
1.3239
1.1018
1.76955
1.7501
1.32534
1.24959
1.49849
1.9081
1.26283
1.7123
1.54211
1.57295
1.67776
1.15091
1.38369
1.21503
1.656
1.00973
1.62868
1.65278
1.97421
1.57347
1.25418
1.44058
1.32513
1.52731
1.97057
1.01479
1.63778
1.35398
1.06389
1.46338
1.40782
1.09606
1.39973
1.76848
1.09851
1.59663
1.62541
1.96692
1.5621
1.06723
1.42446
1.30435
1.47976
1.26743
1.97346
1.91318
1.54453
1.89299
1.90481
1.18174
1.2816
1.21517
1.97446
1.47906
1.7615
1.36677
1.0491
1.61757
1.42774
1.8738
1.10517
1.1405
1.26774
1.25293
1.68949
1.32894
1.51872
1.09962
1.5634
1.82374
1.62724
1.37221
1.9162
1.81059
1.98017
1.26282
1.4478
1.90206
1.93574
1.72428
1.56614
1.75574
1.04221
1.72507
1.76
1.96704
1.09245
1.15441
1.91819
1.54798
1.74315
1.03836
1.61031
1.9601
1.23066
1.5553
1.44378
1.34375
1.54607
1.03256
1.90086
1.08716
1.01125
1.42406
1.26821
1.38376
1.43481
1.08924
1.57539
1.01999
1.82693
1.84068
1.48237
1.80464
1.58007
1.35553
1.95191
1.66961
1.02176
1.19889
1.25703
1.6671
1.01965
1.60636
1.09989
1.91866
1.77172
1.065
1.111
1.45602
1.51358
1.17009
1.27363
1.58571
1.65605
1.18051
1.27434
1.86331
1.78564
1.07062
1.01414
1.6884
1.57959
1.39959
1.85787
1.59135
1.57976
1.57325
1.97219
1.7631
1.61122
1.64892
1.25617
1.5659
1.15214
1.38084
1.25598
1.4815
1.38529
1.55283
1.56956
1.95323
1.95005
1.33873
1.81252
1.0979
1.92594
1.48163
1.765
1.76784
1.39335
1.32997
1.69604
1.84168
1.99935
1.98328
1.98778
1.23317
1.838
1.51589
1.78459
1.94474
1.59206
1.58461
1.41931
1.75681
1.01558
1.91888
1.39133
1.8039
1.7755
1.34155
1.50642
1.0888
1.52476
1.3281
1.21463
1.24296
1.45981
1.17433
1.25671
1.0898
1.25667
1.68895
1.3072
1.00002
1.36112
1.59943
1.79401
1.6582
1.18217
1.56057
1.91638
1.63619
1.03973
1.08907
1.60428
1.65349
1.25541
1.59534
1.11913
1.21792
1.59793
1.32466
1.61846
1.18638
1.52373
1.75976
1.02554
1.1744
1.35084
1.23795
1.96534
1.75561
1.2986
1.92575
1.30122
1.57785
1.70309
1.82426
1.33189
1.21646
1.55887
1.36004
1.90121
1.4285
1.04924
1.10235
1.21659
1.96098
1.79468
1.22957
1.14174
1.08747
1.7377
1.64633
1.70775
1.30733
1.8871
1.71732
1.17494
1.48952
1.4987
1.63919
1.64498
1.17067
1.89489
1.5118
1.55987
1.71322
1.80821
1.84458
1.89371
1.83056
1.68917
1.24957
1.11735
1.01143
1.10581
1.3198
1.29749
1.11686
1.34213
1.38201
1.87733
1.0571
1.70931
1.50995
1.60065
1.00779
1.27718
1.26483
1.15877
1.98092
1.316
1.74295
1.81197
1.45726
1.15259
1.01349
1.30749
1.22221
1.88409
1.76343
1.55651
1.70254
1.36058
1.23218
1.64196
1.82552
1.54104
1.85393
1.50103
1.0437
1.87258
1.05557
1.27304
1.58765
1.3191
1.65606
1.23802
1.06154
1.12002
1.78968
1.70509
1.50966
1.61376
1.97257
1.5274
1.69306
1.82877
1.84298
1.7954
1.44752
1.67556
1.76475
1.63723
1.95399
1.48275
1.3623
1.6068
1.95875
1.07669
1.49186
1.16745
1.29871
1.63561
1.99889
1.15182
1.11462
1.28181
1.88868
1.66446
1.32442
1.98343
1.21597
1.7276
1.02522
1.49842
1.76771
1.73095
1.73275
1.49917
1.70774
1.5378
1.63031
1.86413
1.44549
1.38314
1.07532
1.37989
1.78285
1.08885
1.41337
1.39775
1.16687
1.12597
1.0303
1.33717
1.6679
1.6383
1.73612
1.15008
1.00553
1.54706
1.5432
1.58342
1.53686
1.92718
1.36502
1.63008
1.43325
1.2027
1.47007
1.30737
1.14398
1.43036
1.76968
1.25443
1.76162
1.61409
1.40526
1.00429
1.91806
1.89567
1.64371
1.28492
1.82722
1.42996
1.00628
1.69614
1.1382
1.81869
1.64036
1.58168
1.63778
1.06506
1.82453
1.90711
1.15987
1.04007
1.93571
1.44746
1.4537
1.63858
1.41834
1.57022
1.93454
1.24096
1.10905
1.812
1.62444
1.52891
1.57459
1.18833
1.84142
1.8731
1.95568
1.84123
1.70574
1.64021
1.73538
1.84484
1.97041
1.33313
1.35802
1.09171
1.71907
1.11228
1.39841
1.07836
1.19979
1.68851
1.03486
1.43068
1.34532
1.09918
1.45456
1.9401
1.54195
1.56482
1.22973
1.66115
1.77675
1.91137
1.67156
1.05644
1.31988
1.4922
1.68905
1.01137
1.54212
1.04794
1.31752
1.92065
1.59243
1.00919
1.61761
1.15877
1.13261
1.27289
1.50534
1.26946
1.4943
1.85567
1.61023
1.40416
1.17615
1.77299
1.52182
1.18578
1.86022
1.42931
1.37925
1.19526
1.62173
1.24682
1.68228
1.43431
1.92392
1.30591
1.05857
1.92901
1.35303
1.61518
1.54939
1.58195
1.55627
1.58731
1.45475
1.24835
1.07336
1.98735
1.42107
1.70236
1.06178
1.66996
1.48892
1.27746
1.18501
1.89337
1.39155
1.82084
1.29206
1.949
1.48373
1.06113
1.67258
1.43538
1.63243
1.12193
1.38043
1.4935
1.85973
1.26203
1.50117
1.71944
1.57783
1.65055
1.87673
1.48088
1.23338
1.86738
1.48943
1.12707
1.05838
1.56858
1.05478
1.70292
1.66622
1.17435
1.06392
1.88725
1.65865
1.9629
1.57272
1.92934
1.0507
1.89158
1.6391
1.05683
1.13848
1.19545
1.30386
1.78068
1.0439
1.35878
1.1489
1.78976
1.09931
1.09653
1.2287
1.6035
1.23352
1.47716
1.97453
1.10044
1.20604
1.45583
1.24436
1.77901
1.54972
1.63343
1.96295
1.02221
1.87379
1.02276
1.08978
1.55278
1.79261
1.23854
1.41859
1.8758
1.40044
1.46096
1.83171
1.22212
1.08561
1.89744
1.47715
1.32785
1.36646
1.84565
1.81279
1.42486
1.50497
1.3535
1.30625
1.04469
1.10954
1.59622
1.82271
1.12508
1.89641
1.97443
1.94179
1.74342
1.10012
1.52818
1.46241
1.83261
1.06834
1.8664
1.99423
1.28408
1.84151
1.40958
1.14827
1.45658
1.53018
1.55368
1.18289
1.76272
1.1588
1.81687
1.80372
1.03265
1.70038
1.93004
1.29534
1.37779
1.80488
1.42017
1.06034
1.33643
1.27357
1.32411
1.70235
1.40113
1.64202
1.9818
1.08837
1.85906
1.76088
1.94495
1.3322
1.57858
1.21908
1.49548
1.8518
1.08466
1.28373
1.78406
1.72339
1.31083
1.43499
1.38744
1.6158
1.75511
1.16718
1.72942
1.25278
1.16194
1.12359
1.93983
1.4056
1.73381
1.56398
1.3327
1.31506
1.5159
1.21256
1.33188
1.91669
1.93396
1.52644
1.55756
1.48029
1.59868
1.3769
1.81679
1.40278
1.81818
1.15117
1.43816
1.06408
1.94113
1.22279
1.0195
1.29863
1.14394
1.03803
1.80081
1.69362
1.12492
1.04792
1.51568
1.38405
1.73032
1.95454
1.99605
1.92604
1.16687
1.33603
1.08118
1.53889
1.24442
1.63005
1.87671
1.73034
1.51266
1.91234
1.16422
1.0142
1.18926
1.4018
1.06762
1.26037
1.1298
1.77959
1.41568
1.46388
1.364
1.29851
1.11087
1.96244
1.25554
1.6398
1.19744
1.74839
1.2846
1.16303
1.84075
1.65932
1.66745
1.43734
1.64753
1.23889
1.05406
1.45822
1.15272
1.84815
1.72288
1.60502
1.26039
1.87615
1.18762
1.67824
1.83583
1.166
1.78037
1.21754
1.10732
1.78765
1.60904
1.31836
1.68641
1.03746
1.8879
1.36006
1.32402
1.64089
1.17322
1.1988
1.62288
1.21579
1.2128
1.20223
1.36216
1.20812
1.09319
1.72032
1.83436
1.06676
1.68711
1.2701
1.17691
1.29949
1.2074
1.58964
1.7954
1.38364
1.11942
1.90572
1.64724
1.61841
1.47465
1.60273
1.12478
1.45703
1.27316
1.3836
1.80371
1.85733
1.61224
1.12869
1.94947
1.79895
1.50939
1.08843
1.79612
1.3629
1.62669
1.09828
1.83394
1.19331
1.34177
1.65438
1.39381
1.1244
1.00974
1.14738
1.48753
1.70279
1.95092
1.02566
1.15861
1.14425
1.61954
1.34664
1.16851
1.00666
1.09971
1.2563
1.04407
1.77376
1.25541
1.5203
1.55039
1.98668
1.49889
1.10397
1.18574
1.86359
1.55059
1.33522
1.71458
1.37895
1.04587
1.06203
1.3566
1.34295
1.50389
1.79185
1.59666
1.39694
1.77725
1.95329
1.95214
1.20677
1.16178
1.89307
1.5136
1.11207
1.56166
1.49266
1.37476
1.11993
1.74879
1.19258
1.27156
1.41949
1.69722
1.3822
1.0401
1.17576
1.36252
1.99909
1.8655
1.77931
1.01517
1.66411
1.39009
1.1486
1.66034
1.86053
1.37
1.55227
1.80984
1.64478
1.05203
1.29773
1.49906
1.33017
1.99145
1.95647
1.74756
1.62111
1.0315
1.48806
1.13413
1.76942
1.74533
1.07539
1.66585
1.00844
1.26505
1.94794
1.77892
1.90993
1.84578
1.56299
1.07348
1.23139
1.50989
1.25356
1.87716
1.38854
1.15449
1.9943
1.66924
1.56668
1.86508
1.466
1.55313
1.98372
1.35483
1.6792
1.79641
1.67632
1.15663
1.74479
1.62544
1.47454
1.00818
1.52359
1.24142
1.10429
1.77589
1.48922
1.76047
1.51368
1.44761
1.65267
1.66402
1.83311
1.43353
1.68807
1.19416
1.67596
1.7666
1.12723
1.94351
1.31418
1.58957
1.92538
1.24558
1.35728
1.14422
1.90868
1.06192
1.56557
1.29239
1.36174
1.27923
1.9287
1.67384
1.04413
1.14014
1.34244
1.05709
1.63117
1.70023
1.7096
1.74446
1.38516
1.93691
1.03038
1.89475
1.51676
1.05085
1.71577
1.51177
1.69236
1.29881
1.74605
1.76211
1.38726
1.05805
1.61567
1.27944
1.4125
1.4862
1.83143
1.64818
1.07375
1.58712
1.93648
1.90192
1.53633
1.18697
1.55008
1.38245
1.22444
1.26017
1.70249
1.22245
1.91085
1.41864
1.75626
1.70115
1.4217
1.75207
1.2736
1.2502
1.16542
1.87653
1.73758
1.21599
1.57112
1.92198
1.58835
1.84235
1.9948
1.79732
1.1295
1.62135
1.53018
1.72298
1.73756
1.94687
1.29937
1.84816
1.54773
1.69977
1.29091
1.21127
1.67974
1.77835
1.95134
1.64782
1.75016
1.70423
1.84623
1.91177
1.05993
1.89986
1.85878
1.86371
1.80472
1.9122
1.93381
1.59538
1.00056
1.79149
1.20905
1.90345
1.71047
1.96476
1.42977
1.3337
1.57909
1.77318
1.1464
1.96828
1.93559
1.87462
1.87399
1.82639
1.52086
1.57176
1.11851
1.48463
1.51332
1.40832
1.91029
1.13955
1.12499
1.78753
1.55425
1.58872
1.59382
1.44824
1.34162
1.81007
1.05856
1.58989
1.68062
1.58284
1.01263
1.75741
1.30204
1.69022
1.06693
1.75464
1.24453
1.00344
1.93929
1.64631
1.97279
1.91077
1.15061
1.75721
1.60165
1.67259
1.87207
1.13814
1.96799
1.78429
1.44503
1.73052
1.34885
1.48394
1.08524
1.71811
1.45489
1.02755
1.41569
1.24052
1.73423
1.49828
1.49359
1.52066
1.62373
1.45148
1.35266
1.59449
1.61252
1.45047
1.71754
1.90334
1.1949
1.65371
1.19976
1.37561
1.90427
1.03635
1.47844
1.41204
1.67835
1.68524
1.33403
1.56634
1.79611
1.96443
1.56939
1.07155
1.54321
1.85389
1.94824
1.71728
1.37683
1.3517
1.07536
1.74112
1.25937
1.34174
1.29423
1.7529
1.72794
1.29534
1.27806
1.55197
1.9426
1.10322
1.91893
1.56123
1.52077
1.47683
1.74854
1.28961
1.55665
1.99319
1.7762
1.50407
1.31358
1.41919
1.75547
1.48396
1.53784
1.53898
1.67341
1.7671
1.25494
1.61736
1.00726
1.46292
1.81178
1.72261
1.22352
1.34225
1.08768
1.02942
1.77913
1.65056
1.01225
1.57611
1.54738
1.65761
1.75606
1.16113
1.78628
1.4106
1.6451
1.26618
1.3458
1.54013
1.81533
1.67777
1.05255
1.51796
1.8218
1.07584
1.39473
1.45099
1.19035
1.17644
1.04841
1.11906
1.53927
1.57648
1.98398
1.7224
1.18053
1.55419
1.12666
1.0987
1.28422
1.90295
1.6025
1.01425
1.63672
1.02374
1.60091
1.93662
1.20128
1.89025
1.43063
1.03423
1.141
1.86701
1.53503
1.98243
1.03033
1.13693
1.15673
1.8199
1.90379
1.82899
1.56717
1.87439
1.44619
1.03613
1.54922
1.14016
1.14601
1.99712
1.97459
1.21365
1.87324
1.27779
1.04408
1.40964
1.31889
1.00031
1.71726
1.72996
1.49534
1.60919
1.77513
1.48952
1.70228
1.7305
1.70916
1.53169
1.35924
1.19521
1.49741
1.89197
1.68884
1.35607
1.6439
1.13869
1.36067
1.9965
1.90738
1.53159
1.16834
1.14123
1.70198
1.93785
1.35008
1.47346
1.71786
1.13988
1.16657
1.75128
1.40803
1.3628
1.72723
1.19499
1.37327
1.16912
1.71519
1.11733
1.5359
1.11226
1.25211
1.30871
1.31617
1.54338
1.70679
1.72371
1.75997
1.41802
1.90283
1.13967
1.64439
1.89222
1.9329
1.85597
1.28757
1.73866
1.80176
1.26446
1.58974
1.22293
1.72232
1.80837
1.32797
1.67117
1.87709
1.67694
1.91598
1.39486
1.17232
1.09696
1.97629
1.19179
1.98771
1.00756
1.38141
1.98622
1.05008
1.98131
1.11969
1.30657
1.20377
1.28133
1.56354
1.45974
1.32376
1.97267
1.99617
1.27218
1.98292
1.62593
1.29581
1.63371
1.79166
1.34175
1.79006
1.80984
1.8875
1.28196
1.40435
1.17772
1.51034
1.09129
1.32527
1.313
1.58662
1.50668
1.38037
1.16961
1.83201
1.28161
1.62984
1.61615
1.30898
1.56666
1.83219
1.25629
1.59724
1.96129
1.41032
1.0016
1.13742
1.12942
1.95471
1.63824
1.49071
1.41926
1.31965
1.72747
1.63329
1.83958
1.99669
1.46399
1.9387
1.70418
1.27508
1.72972
1.13723
1.43026
1.4137
1.29996
1.65645
1.28922
1.97611
1.63196
1.64856
1.50661
1.69736
1.54261
1.1785
1.5964
1.61083
1.90071
1.98351
1.0633
1.23415
1.17882
1.82069
1.72487
1.57377
1.80944
1.1308
1.46354
1.62781
1.19104
1.00449
1.15559
1.89195
1.67385
1.47205
1.1678
1.59767
1.23398
1.50507
1.72968
1.76097
1.95831
1.21979
1.20673
1.32653
1.77025
1.79142
1.68617
1.69004
1.40692
1.9243
1.78544
1.03855
1.79405
1.22295
1.54771
1.66941
1.76002
1.49476
1.20822
1.17641
1.3383
1.03275
1.69158
1.36131
1.45988
1.79003
1.01089
1.62304
1.95289
1.65191
1.21115
1.49942
1.04709
1.75433
1.39674
1.09182
1.9789
1.26563
1.81016
1.32319
1.38699
1.29778
1.02177
1.6494
1.54741
1.41707
1.32049
1.01231
1.4382
1.65452
1.1634
1.78991
1.52303
1.78197
1.60364
1.32049
1.28727
1.00531
1.18715
1.24984
1.82233
1.65737
1.97567
1.3785
1.19846
1.56033
1.78275
1.74737
1.4715
1.74931
1.50978
1.84844
1.15944
1.12325
1.53138
1.52708
1.32708
1.74184
1.71827
1.66103
1.95803
1.41779
1.58702
1.88057
1.16766
1.23733
1.30777
1.92496
1.26537
1.29945
1.38113
1.14569
1.79282
1.1587
1.62437
1.08658
1.39826
1.97301
1.5601
1.99346
1.50993
1.43975
1.68612
1.55013
1.9662
1.40869
1.39045
1.12442
1.80597
1.85171
1.29243
1.48216
1.35824
1.32456
1.26048
1.44109
1.96484
1.0565
1.33176
1.17195
1.63752
1.44248
1.70788
1.07382
1.04757
1.40972
1.79127
1.55132
1.20093
1.5992
1.43399
1.05789
1.19708
1.63542
1.1215
1.95826
1.41562
1.67025
1.18653
1.62978
1.56559
1.45492
1.28552
1.00191
1.24378
1.8497
1.04187
1.64888
1.68627
1.14699
1.3342
1.83959
1.43779
1.00586
1.05862
1.56685
1.93896
1.82385
1.03639
1.56262
1.45698
1.04442
1.53543
1.83497
1.59768
1.2558
1.11967
1.85717
1.5444
1.93471
1.0057
1.71105
1.90554
1.35012
1.19895
1.92052
1.49739
1.51292
1.9673
1.24096
1.96028
1.69228
1.40259
1.80225
1.77097
1.09327
1.77378
1.25739
1.71997
1.15863
1.60905
1.60289
1.03445
1.11674
1.79298
1.98124
1.19909
1.73384
1.76262
1.2574
1.33166
1.21246
1.24244
1.21223
1.2712
1.91526
1.15743
1.83785
1.85522
1.54602
1.70894
1.29738
1.44562
1.40594
1.48549
1.26212
1.51531
1.07037
1.12334
1.89488
1.81623
1.15082
1.33521
1.35731
1.58858
1.23368
1.94636
1.76676
1.52027
1.21455
1.92141
1.03833
1.49952
1.49536
1.88096
1.29789
1.077
1.18378
1.85862
1.37002
1.39529
1.41059
1.76616
1.49816
1.86425
1.24627
1.96499
1.30665
1.78686
1.77253
1.13238
1.86692
1.6515
1.19954
1.4145
1.22604
1.61104
1.41673
1.12088
1.34983
1.17343
1.54843
1.68152
1.84386
1.55842
1.50424
1.31879
1.47267
1.36873
1.39836
1.16079
1.63797
1.23116
1.56058
1.23804
1.91635
1.97219
1.82969
1.38422
1.24718
1.40914
1.87555
1.88769
1.31577
1.39967
1.897
1.40997
1.50826
1.92371
1.87967
1.17551
1.75618
1.89408
1.65399
1.10242
1.47674
1.75563
1.55794
1.71432
1.90509
1.81555
1.3676
1.48942
1.26118
1.67396
1.03137
1.03904
1.14795
1.22698
1.15134
1.47616
1.86114
1.19694
1.07336
1.09184
1.82315
1.17423
1.34962
1.45449
1.11429
1.36406
1.00438
1.57833
1.52441
1.9636
1.69697
1.59559
1.72731
1.34933
1.98603
1.92823
1.78095
1.64034
1.21415
1.97851
1.12595
1.28274
1.48714
1.62362
1.26527
1.87331
1.48682
1.88095
1.08747
1.28488
1.18903
1.84152
1.29266
1.45175
1.55104
1.87686
1.14433
1.75076
1.66718
1.55437
1.7888
1.2351
1.0683
1.2822
1.75702
1.00734
1.08315
1.93774
1.44275
1.78172
1.01743
1.11719
1.52475
1.91267
1.98012
1.80659
1.05911
1.50282
1.67577
1.00283
1.7071
1.17463
1.6112
1.46922
1.97059
1.71258
1.91346
1.03812
1.72153
1.36379
1.64455
1.79585
1.36204
1.33612
1.6662
1.9994
1.28677
1.11783
1.61974
1.39503
1.58037
1.66977
1.92019
1.65549
1.66903
1.51465
1.55122
1.48972
1.12592
1.88707
1.87661
1.35138
1.12534
1.81025
1.90094
1.57692
1.56816
1.21329
1.16608
1.95369
1.00052
1.44178
1.63637
1.34379
1.14704
1.46106
1.9962
1.65402
1.43154
1.1383
1.29379
1.06117
1.80607
1.19421
1.12961
1.30677
1.0414
1.8291
1.88419
1.65684
1.19594
1.21408
1.17089
1.53445
1.9983
1.18594
1.44817
1.04981
1.07363
1.31151
1.38233
1.10572
1.98534
1.13188
1.92735
1.2169
1.79171
1.97234
1.85617
1.75712
1.55921
1.6456
1.89132
1.66983
1.25016
1.49658
1.97306
1.80078
1.8933
1.44811
1.06797
1.97476
1.08385
1.81017
1.01701
1.3056
1.08131
1.06064
1.84379
1.65667
1.8903
1.72425
1.62817
1.00794
1.11308
1.62656
1.33193
1.42563
1.23521
1.77154
1.00459
1.90891
1.1651
1.66416
1.08889
1.01852
1.39421
1.14377
1.70515
1.20259
1.9519
1.3071
1.7511
1.67722
1.63675
1.01421
1.54769
1.45676
1.83896
1.29441
1.76944
1.62581
1.98488
1.89206
1.18237
1.26832
1.25605
1.64438
1.0795
1.00978
1.28287
1.0341
1.88419
1.55758
1.87741
1.34485
1.89271
1.38498
1.81234
1.14182
1.30026
1.9225
1.98144
1.13035
1.57154
1.39056
1.62351
1.56298
1.0835
1.90874
1.58406
1.35201
1.38444
1.55597
1.13856
1.3686
1.97849
1.5667
1.41195
1.65147
1.06115
1.85535
1.84313
1.02631
1.75556
1.95345
1.1248
1.82281
1.0896
1.60954
1.87491
1.96134
1.33286
1.1912
1.73719
1.08487
1.13976
1.578
1.40375
1.45367
1.49603
1.36921
1.00407
1.4309
1.35313
1.63312
1.92031
1.55276
1.22476
1.85323
1.58734
1.85079
1.96942
1.32082
1.94941
1.57286
1.32342
1.78911
1.64908
1.25305
1.5766
1.99417
1.52495
1.69188
1.83514
1.61029
1.74417
1.34851
1.82692
1.82433
1.66798
1.90394
1.36376
1.75384
1.23335
1.66067
1.8973
1.90972
1.17696
1.83905
1.15882
1.04082
1.06137
1.64647
1.70515
1.67546
1.40663
1.82834
1.49818
1.35677
1.95263
1.98077
1.80395
1.05588
1.80787
1.57792
1.70096
1.98159
1.12837
1.5785
1.70981
1.42209
1.39156
1.48523
1.82365
1.81001
1.71503
1.27476
1.11368
1.4732
1.36484
1.28375
1.15603
1.38924
1.71032
1.13282
1.28589
1.20556
1.802
1.34905
1.1251
1.84196
1.30001
1.46035
1.10936
1.36264
1.85894
1.90742
1.12399
1.40791
1.81079
1.72055
1.4951
1.69355
1.36206
1.97523
1.29934
1.96495
1.77029
1.55056
1.20039
1.64791
1.24593
1.5801
1.92779
1.54216
1.19174
1.13508
1.19331
1.12907
1.45071
1.03432
1.89894
1.00678
1.34934
1.27868
1.2731
1.49112
1.90584
1.69228
1.01611
1.84429
1.38231
1.79922
1.74411
1.93468
1.44825
1.66558
1.20447
1.60794
1.27452
1.88183
1.63351
1.25965
1.82754
1.68531
1.44333
1.17744
1.06597
1.41425
1.78163
1.2026
1.80532
1.09202
1.11992
1.96927
1.69932
1.25806
1.07869
1.6699
1.02671
1.80473
1.90838
1.5565
1.35648
1.89444
1.75566
1.94222
1.06939
1.48601
1.87689
1.80408
1.40279
1.84534
1.04205
1.31986
1.11273
1.39345
1.48216
1.53788
1.50124
1.62023
1.35663
1.26294
1.00705
1.68472
1.49448
1.08205
1.84059
1.94638
1.81917
1.10325
1.77911
1.62064
1.52352
1.22949
1.00096
1.24108
1.00019
1.08077
1.14181
1.95368
1.46773
1.70892
1.83017
1.24301
1.76959
1.33719
1.25313
1.49129
1.07152
1.86134
1.64041
1.02065
1.64054
1.01168
1.09483
1.24004
1.36766
1.53133
1.71258
1.67573
1.43036
1.6955
1.84274
1.97356
1.39007
1.50363
1.75933
1.04594
1.84128
1.45615
1.27138
1.41353
1.61826
1.71938
1.3859
1.09538
1.73161
1.33832
1.38154
1.69169
1.85624
1.6898
1.72589
1.58885
1.8308
1.66239
1.24156
1.98772
1.74482
1.54715
1.08117
1.26489
1.65925
1.83469
1.93944
1.50797
1.7409
1.85628
1.76416
1.89279
1.4828
1.71842
1.9738
1.44059
1.4601
1.60028
1.17812
1.51398
1.23765
1.52955
1.98355
1.91935
1.50841
1.69767
1.69109
1.59783
1.15507
1.55165
1.14667
1.34122
1.19213
1.39804
1.90913
1.35994
1.35136
1.5428
1.5385
1.74649
1.94772
1.459
1.49718
1.2211
1.71202
1.09772
1.70541
1.83662
1.62524
1.22759
1.75242
1.54979
1.38758
1.30899
1.0897
1.60277
1.68924
1.39338
1.09798
1.41586
1.90453
1.13598
1.11025
1.86948
1.06261
1.1724
1.15249
1.84645
1.98308
1.54888
1.60489
1.0992
1.80589
1.68298
1.39595
1.61866
1.74519
1.92587
1.55149
1.29585
1.46866
1.30534
1.5174
1.55336
1.31398
1.61746
1.12186
1.62884
1.97829
1.67983
1.04308
1.32158
1.71588
1.472
1.92723
1.25231
1.47613
1.47128
1.5172
1.2189
1.51074
1.14647
1.38598
1.67152
1.39136
1.83951
1.1108
1.71586
1.83664
1.97579
1.45052
1.80929
1.8319
1.4805
1.8368
1.59628
1.68533
1.67779
1.90923
1.04278
1.92133
1.69461
1.91176
1.39059
1.10264
1.53115
1.56244
1.6832
1.06309
1.74904
1.82888
1.89815
1.69133
1.11368
1.25081
1.50394
1.33187
1.57124
1.50141
1.29651
1.75982
1.03916
1.38873
1.7715
1.64284
1.17355
1.27569
1.01371
1.06634
1.16225
1.85691
1.92571
1.04605
1.38018
1.13962
1.5525
1.80216
1.57457
1.88913
1.65536
1.08948
1.14132
1.76982
1.0591
1.68999
1.64637
1.37971
1.43218
1.45078
1.74295
1.21328
1.70849
1.90702
1.17358
1.36837
1.83904
1.45172
1.47606
1.00742
1.73888
1.26418
1.80046
1.506
1.115
1.41571
1.22453
1.16828
1.98792
1.23645
1.34219
1.77986
1.58655
1.5921
1.95175
1.55084
1.66161
1.80808
1.22127
1.36818
1.30749
1.33506
1.4892
1.58114
1.01577
1.97791
1.06241
1.42532
1.30163
1.72616
1.0282
1.04439
1.87542
1.25252
1.58644
1.1881
1.25983
1.79375
1.62725
1.99959
1.75561
1.05173
1.85172
1.88839
1.73846
1.16923
1.71932
1.35882
1.80991
1.77805
1.57528
1.39138
1.71784
1.91421
1.37988
1.43724
1.88982
1.07587
1.59692
1.96078
1.4578
1.14491
1.77544
1.45538
1.21052
1.18515
1.30563
1.93904
1.72825
1.67007
1.96624
1.23374
1.3432
1.11123
1.1406
1.20657
1.05805
1.30564
1.01148
1.64356
1.0882
1.78316
1.82006
1.51804
1.97474
1.81888
1.90933
1.38169
1.69943
1.96706
1.24575
1.36683
1.61027
1.54173
1.24383
1.30636
1.85214
1.42615
1.30975
1.38423
1.71243
1.66044
1.45188
1.43207
1.85847
1.5896
1.51289
1.72105
1.69595
1.98615
1.49072
1.93962
1.20572
1.94893
1.01784
1.43522
1.91648
1.1827
1.64617
1.98186
1.4682
1.39257
1.16773
1.62361
1.29497
1.32926
1.1621
1.12014
1.50525
1.2655
1.83226
1.38491
1.25324
1.60744
1.1474
1.15087
1.6567
1.42962
1.3442
1.24527
1.06507
1.37724
1.15207
1.89194
1.46874
1.47213
1.17103
1.35344
1.39383
1.28812
1.79031
1.35444
1.05736
1.17417
1.69832
1.07337
1.81771
1.70586
1.27169
1.05727
1.07525
1.43305
1.80188
1.7875
1.3021
1.68016
1.73772
1.92251
1.97455
1.08897
1.65417
1.82843
1.06331
1.66483
1.28221
1.11249
1.86731
1.90686
1.5729
1.03931
1.51172
1.92806
1.89861
1.65736
1.14241
1.49564
1.64732
1.80037
1.17266
1.91337
1.25648
1.94358
1.8797
1.52
1.20931
1.1812
1.2587
1.04525
1.84626
1.75737
1.4641
1.03192
1.59764
1.35549
1.15277
1.5712
1.48847
1.06028
1.06361
1.37272
1.04713
1.99671
1.29552
1.77327
1.59925
1.31574
1.0953
1.03952
1.74601
1.72172
1.37897
1.42587
1.54437
1.02751
1.60389
1.4264
1.69878
1.09086
1.26196
1.66468
1.52142
1.32821
1.45897
1.15719
1.25723
1.68434
1.01448
1.69462
1.79113
1.93625
1.75297
1.13076
1.79134
1.89033
1.81379
1.45781
1.48751
1.42246
1.96279
1.31626
1.11478
1.57917
1.96864
1.29627
1.69395
1.74328
1.26267
1.6032
1.2052
1.4982
1.01306
1.75084
1.58671
1.15867
1.15637
1.75401
1.04236
1.54852
1.45375
1.87271
1.09255
1.13521
1.49101
1.80711
1.24439
1.33748
1.47524
1.7452
1.43869
1.04885
1.4012
1.3056
1.80518
1.46014
1.48879
1.94646
1.43786
1.9567
1.76065
1.88191
1.97568
1.77528
1.76557
1.61429
1.85435
1.27939
1.48139
1.08989
1.32387
1.05451
1.22401
1.20519
1.54832
1.74791
1.109
1.26624
1.65517
1.24341
1.66368
1.65299
1.76574
1.77064
1.34723
1.98923
1.04371
1.21003
1.38629
1.1269
1.11443
1.85876
1.16811
1.01377
1.0249
1.9376
1.65206
1.66511
1.72945
1.98726
1.96805
1.85995
1.19667
1.57921
1.63605
1.77026
1.80011
1.9521
1.85812
1.184
1.78696
1.4008
1.12977
1.81151
1.33427
1.64048
1.93562
1.09879
1.64948
1.18215
1.09491
1.39576
1.80257
1.04798
1.20816
1.19363
1.54075
1.60063
1.85053
1.72197
1.60686
1.19639
1.38701
1.72644
1.65773
1.86868
1.04458
1.60183
1.98633
1.22841
1.1941
1.0619
1.40113
1.79129
1.13993
1.3082
1.26868
1.61092
1.21531
1.97254
1.52315
1.09049
1.2787
1.68198
1.86112
1.80172
1.86737
1.92131
1.99029
1.14369
1.40206
1.62392
1.78842
1.37121
1.61269
1.15394
1.13197
1.87473
1.6454
1.50302
1.18525
1.50217
1.27306
1.30506
1.53636
1.34802
1.96512
1.8729
1.63036
1.2706
1.65983
1.41203
1.00127
1.43862
1.47188
1.8812
1.3225
1.63175
1.46518
1.35549
1.39991
1.58071
1.25061
1.2582
1.50372
1.04069
1.03833
1.05316
1.21095
1.30771
1.88416
1.46316
1.55267
1.61826
1.44848
1.56765
1.80561
1.84065
1.00223
1.68984
1.4286
1.10507
1.33542
1.24795
1.76274
1.84515
1.09544
1.35395
1.22858
1.89848
1.75498
1.40529
1.10455
1.93552
1.96551
1.30552
1.26089
1.51558
1.38541
1.62621
1.06819
1.39025
1.49122
1.62406
1.41228
1.99183
1.00743
1.2907
1.79231
1.04408
1.8537
1.91211
1.46726
1.2896
1.3486
1.03235
1.88101
1.39156
1.03029
1.58226
1.62266
1.68517
1.89668
1.20861
1.90611
1.07442
1.44652
1.03487
1.54292
1.07976
1.03839
1.55776
1.613
1.45492
1.8872
1.7388
1.30813
1.71105
1.55015
1.57025
1.16222
1.61322
1.35225
1.35011
1.54833
1.17185
1.05502
1.44479
1.25955
1.51702
1.73524
1.31197
1.56155
1.45789
1.46617
1.68945
1.08757
1.98705
1.8301
1.21701
1.88338
1.00275
1.79863
1.90619
1.98028
1.34802
1.42975
1.3194
1.09503
1.47016
1.58952
1.12478
1.11274
1.24503
1.05585
1.81611
1.7277
1.8507
1.90983
1.62357
1.03919
1.84931
1.07066
1.69675
1.39085
1.00278
1.4196
1.19349
1.86684
1.57193
1.25188
1.32049
1.16881
1.33298
1.42692
1.49124
1.90972
1.25286
1.87773
1.73122
1.38631
1.83863
1.91851
1.67695
1.41942
1.79896
1.8682
1.96978
1.06498
1.89895
1.81992
1.85746
1.8692
1.90947
1.29646
1.80432
1.29851
1.0261
1.59453
1.70463
1.22075
1.28001
1.63232
1.54705
1.68779
1.10007
1.78946
1.253
1.06536
1.19722
1.93273
1.80708
1.57275
1.7689
1.93868
1.88514
1.94886
1.83569
1.02455
1.6906
1.23845
1.13994
1.80673
1.33367
1.92079
1.1663
1.95529
1.90216
1.03787
1.81528
1.67016
1.23975
1.94625
1.97345
1.89384
1.51571
1.26017
1.80177
1.08676
1.11142
1.90631
1.76775
1.40221
1.67003
1.83728
1.09992
1.4387
1.67291
1.51677
1.88525
1.65574
1.76377
1.90318
1.46539
1.34594
1.02475
1.90594
1.75381
1.30273
1.7154
1.65013
1.54579
1.96188
1.01443
1.5573
1.56427
1.36335
1.82069
1.75165
1.75702
1.45677
1.12164
1.43142
1.412
1.06388
1.64263
1.47092
1.84796
1.79365
1.01582
1.36277
1.09511
1.00681
1.79751
1.3572
1.08681
1.45499
1.60631
1.90435
1.45272
1.61929
1.94909
1.33557
1.40165
1.77113
1.57409
1.25431
1.42495
1.72952
1.66196
1.83036
1.05278
1.08752
1.03201
1.76772
1.59357
1.19772
1.50711
1.28915
1.51077
1.84057
1.37831
1.00746
1.22963
1.99155
1.88513
1.51815
1.61396
1.39782
1.9067
1.5356
1.07775
1.93173
1.7805
1.76578
1.97341
1.11815
1.77817
1.88033
1.15784
1.06463
1.69792
1.50182
1.30386
1.49072
1.03389
1.57088
1.52358
1.05631
1.60046
1.16073
1.10466
1.22928
1.27772
1.46028
1.58724
1.28895
1.49354
1.32935
1.56431
1.97333
1.83861
1.75659
1.78781
1.72259
1.82921
1.79441
1.18074
1.71626
1.16961
1.35782
1.02021
1.94739
1.73926
1.49543
1.5983
1.25043
1.95647
1.11925
1.78046
1.86427
1.42827
1.15855
1.56975
1.65868
1.64814
1.3416
1.42626
1.54624
1.21868
1.68792
1.15862
1.83591
1.23935
1.03889
1.79495
1.61165
1.39454
1.899
1.58889
1.38435
1.57947
1.06962
1.27148
1.44793
1.37839
1.16502
1.44335
1.09871
1.8227
1.31728
1.3354
1.69149
1.28872
1.77769
1.2078
1.45839
1.12103
1.49481
1.06968
1.13576
1.41857
1.77161
1.24556
1.57958
1.39677
1.85837
1.53313
1.2356
1.11289
1.60293
1.73548
1.82961
1.67434
1.14317
1.75854
1.20056
1.87443
1.23256
1.62285
1.5847
1.98474
1.96703
1.70734
1.79509
1.15119
1.64999
1.26422
1.4434
1.68014
1.35087
1.55397
1.72191
1.82345
1.15861
1.12873
1.32588
1.90646
1.54698
1.37605
1.78857
1.67932
1.78414
1.3582
1.00823
1.99831
1.78252
1.38462
1.58038
1.02226
1.08063
1.50877
1.81468
1.03316
1.95623
1.8012
1.77894
1.26936
1.55894
1.32949
1.60785
1.01419
1.38146
1.29442
1.95949
1.94496
1.35376
1.45965
1.87404
1.0267
1.98212
1.3522
1.95036
1.43488
1.57103
1.7716
1.29158
1.31649
1.70342
1.36199
1.69744
1.11228
1.32243
1.51333
1.12475
1.10639
1.20962
1.09734
1.95057
1.84932
1.4756
1.06929
1.74308
1.9824
1.34216
1.29359
1.16304
1.40382
1.03682
1.39031
1.77387
1.44601
1.45937
1.36261
1.82777
1.31606
1.58005
1.2623
1.46089
1.46232
1.64446
1.58877
1.23725
1.64915
1.1521
1.88044
1.25297
1.75427
1.08596
1.06297
1.94757
1.22227
1.85675
1.75811
1.06801
1.79129
1.61895
1.35632
1.2566
1.87207
1.8954
1.0115
1.34642
1.57145
1.97951
1.13282
1.18656
1.462
1.36037
1.83283
1.16833
1.61045
1.99618
1.23165
1.71911
1.86252
1.18362
1.12909
1.61869
1.67455
1.75098
1.69722
1.26816
1.34711
1.92085
1.71453
1.90819
1.15978
1.24302
1.59877
1.13428
1.00149
1.87865
1.19459
1.0207
1.62517
1.72339
1.49312
1.89946
1.31327
1.34706
1.99457
1.83196
1.68257
1.22158
1.22897
1.69559
1.43807
1.28188
1.9442
1.90131
1.3997
1.97543
1.49433
1.89462
1.54657
1.21687
1.03934
1.95365
1.56839
1.02473
1.79193
1.67583
1.1502
1.08281
1.14972
1.76923
1.51419
1.50898
1.63081
1.98597
1.25717
1.6723
1.59176
1.80399
1.33572
1.35294
1.95455
1.01904
1.07166
1.46394
1.48006
1.05836
1.40239
1.81277
1.3619
1.43684
1.02624
1.43381
1.04045
1.73518
1.26183
1.25346
1.29295
1.6249
1.27379
1.48694
1.56802
1.14616
1.77285
1.92318
1.96956
1.49142
1.46705
1.8921
1.74446
1.41907
1.92217
1.62541
1.72381
1.11928
1.48649
1.60526
1.06181
1.95936
1.58933
1.78011
1.87035
1.87836
1.16189
1.96951
1.39946
1.77588
1.53076
1.71964
1.87304
1.40856
1.56558
1.76768
1.53429
1.77359
1.01605
1.43131
1.10856
1.39762
1.048
1.42611
1.09395
1.24275
1.36895
1.5341
1.60276
1.917
1.84064
1.86875
1.14588
1.53659
1.4085
1.32507
1.98188
1.56999
1.98352
1.54647
1.7696
1.94251
1.85931
1.67135
1.3029
1.24162
1.14083
1.26325
1.87978
1.3501
1.76388
1.15828
1.64717
1.05444
1.27349
1.11019
1.01195
1.41841
1.18008
1.41291
1.38712
1.1298
1.14178
1.79493
1.26374
1.44536
1.24625
1.68028
1.72573
1.75799
1.47886
1.67559
1.18496
1.67071
1.4077
1.96672
1.74569
1.91387
1.34372
1.81104
1.77512
1.08558
1.00189
1.00468
1.13242
1.08423
1.23598
1.49126
1.77104
1.4541
1.13087
1.22733
1.34223
1.36101
1.11736
1.11661
1.78311
1.86291
1.43132
1.20577
1.51611
1.52663
1.79719
1.568
1.74656
1.13099
1.44156
1.82228
1.10155
1.86734
1.9083
1.15855
1.07844
1.15789
1.67359
1.92093
1.45266
1.5327
1.56925
1.26548
1.96221
1.00219
1.46478
1.43744
1.03901
1.20507
1.87
1.94625
1.94917
1.79756
1.84366
1.06558
1.57456
1.14228
1.99175
1.80623
1.25629
1.20096
1.74454
1.14015
1.35836
1.45978
1.5838
1.91425
1.03569
1.35169
1.52575
1.88964
1.06325
1.15726
1.52602
1.83695
1.70931
1.17622
1.49923
1.38151
1.40177
1.28326
1.56952
1.00807
1.66171
1.36467
1.58821
1.06849
1.88213
1.07998
1.80559
1.29708
1.23663
1.90398
1.7142
1.26476
1.85648
1.80986
1.59663
1.33267
1.77527
1.58684
1.56282
1.96403
1.88209
1.11035
1.70672
1.66462
1.5021
1.03601
1.09622
1.90931
1.05797
1.74651
1.21802
1.33362
1.83038
1.53146
1.66223
1.45952
1.60987
1.05483
1.88914
1.70799
1.43825
1.17959
1.569
1.54465
1.33154
1.90751
1.07283
1.62343
1.22437
1.18411
1.0321
1.19741
1.18937
1.72848
1.00687
1.28836
1.17622
1.8579
1.17968
1.00619
1.7126
1.95085
1.26771
1.35003
1.01357
1.45643
1.50384
1.84808
1.12214
1.64079
1.74204
1.67774
1.35154
1.71252
1.72734
1.80592
1.27173
1.06443
1.02114
1.70327
1.80426
1.79196
1.47474
1.1063
1.40544
1.90857
1.85873
1.03877
1.46147
1.05387
1.61064
1.09011
1.21666
1.66786
1.84244
1.4433
1.1461
1.30713
1.88984
1.04876
1.16934
1.92349
1.87356
1.93974
1.94895
1.92736
1.04448
1.85358
1.56826
1.75565
1.70628
1.07949
1.90848
1.65105
1.10821
1.43939
1.48434
1.54681
1.08188
1.26518
1.80187
1.35703
1.30848
1.90675
1.28427
1.25194
1.00999
1.36968
1.77691
1.9623
1.98001
1.46605
1.08045
1.40552
1.68558
1.83899
1.43351
1.76515
1.26103
1.08139
1.36325
1.65637
1.00584
1.67942
1.37644
1.13997
1.8841
1.54826
1.01431
1.87034
1.42523
1.08945
1.20856
1.34011
1.99745
1.5728
1.71306
1.45547
1.14115
1.44711
1.38446
1.48351
1.84143
1.84998
1.41202
1.08005
1.18091
1.33759
1.91875
1.59936
1.22797
1.0852
1.14344
1.46888
1.19168
1.29391
1.05327
1.7973
1.31232
1.47729
1.31019
1.48096
1.25366
1.65048
1.36547
1.65599
1.4575
1.69599
1.87378
1.04289
1.91332
1.29612
1.75186
1.07988
1.61436
1.87161
1.21776
1.34054
1.12034
1.22218
1.59477
1.6856
1.20939
1.54496
1.06942
1.31975
1.90278
1.40969
1.75081
1.14203
1.87672
1.83487
1.32959
1.60227
1.07254
1.64904
1.44109
1.28151
1.6841
1.35521
1.78327
1.19398
1.55169
1.48756
1.85159
1.1662
1.81584
1.20786
1.42831
1.13313
1.14135
1.11256
1.66772
1.12032
1.49848
1.78035
1.74961
1.39535
1.5484
1.09317
1.59661
1.53273
1.3581
1.42511
1.71862
1.61663
1.88115
1.42207
1.94034
1.98456
1.3432
1.61015
1.36089
1.6273
1.29001
1.47526
1.87253
1.00071
1.98567
1.121
1.61439
1.96651
1.39525
1.28423
1.48559
1.1926
1.11719
1.1896
1.73043
1.11165
1.01943
1.40823
1.05592
1.85427
1.327
1.04532
1.79317
1.35051
1.27117
1.86582
1.0181
1.3161
1.41084
1.75685
1.6593
1.30669
1.39584
1.90552
1.74216
1.39915
1.13366
1.77636
1.35688
1.67026
1.48823
1.89451
1.81417
1.58893
1.28458
1.91207
1.99917
1.19343
1.31036
1.47869
1.0343
1.68483
1.05431
1.38619
1.09718
1.82849
1.75731
1.23129
1.55001
1.44132
1.28537
1.24751
1.17328
1.36738
1.73199
1.5275
1.68733
1.85552
1.22796
1.59546
1.91847
1.24441
1.23824
1.10681
1.96793
1.83403
1.43911
1.28046
1.86892
1.04634
1.08008
1.53997
1.50878
1.18599
1.78586
1.93189
1.34495
1.10598
1.22131
1.31847
1.91242
1.8033
1.08057
1.54559
1.68617
1.44586
1.56256
1.79956
1.82398
1.036
1.25447
1.82888
1.1354
1.33259
1.344
1.09491
1.92027
1.93022
1.40316
1.29261
1.04154
1.71775
1.95021
1.09275
1.37359
1.83272
1.5639
1.47596
1.97917
1.19674
1.21326
1.55861
1.54371
1.20304
1.05383
1.8131
1.15437
1.19486
1.2138
1.26366
1.083
1.58195
1.72294
1.82163
1.89174
1.58987
1.49
1.09873
1.6682
1.27437
1.23787
1.01457
1.99593
1.27272
1.92863
1.86227
1.00361
1.21792
1.10605
1.14902
1.75772
1.97056
1.31904
1.57349
1.94943
1.31348
1.59758
1.30242
1.08493
1.97444
1.40063
1.53471
1.36461
1.84072
1.69215
1.64951
1.41969
1.58337
1.08058
1.93263
1.69742
1.24243
1.66319
1.42897
1.72035
1.43605
1.57229
1.79848
1.5058
1.07247
1.74915
1.09371
1.26428
1.1284
1.44044
1.12291
1.78029
1.35463
1.00308
1.86063
1.53937
1.36889
1.11553
1.91705
1.04347
1.13673
1.48979
1.48095
1.10152
1.60192
1.76274
1.65859
1.19018
1.9215
1.485
1.20856
1.03324
1.02385
1.73712
1.50513
1.23036
1.04597
1.59216
1.62157
1.98072
1.46448
1.81582
1.67917
1.67431
1.54353
1.40188
1.40262
1.09953
1.37116
1.66891
1.44171
1.86343
1.50559
1.76663
1.37567
1.28813
1.82873
1.49729
1.19725
1.03331
1.3578
1.06337
1.22864
1.95889
1.33935
1.51175
1.5677
1.56359
1.54823
1.29353
1.17683
1.8642
1.18403
1.93142
1.17306
1.90321
1.66257
1.61961
1.19595
1.50188
1.08365
1.60719
1.03785
1.70825
1.10212
1.11013
1.42252
1.86861
1.55829
1.55627
1.95909
1.55683
1.33721
1.71735
1.67534
1.61153
1.00488
1.07276
1.96133
1.46429
1.56821
1.20034
1.30418
1.71592
1.90531
1.61064
1.03266
1.43092
1.17129
1.87541
1.85928
1.17132
1.90989
1.18689
1.10739
1.14437
1.80825
1.78593
1.14644
1.5333
1.60599
1.06766
1.50776
1.0296
1.08445
1.27133
1.40155
1.9527
1.88597
1.75397
1.77849
1.1265
1.77572
1.92739
1.04493
1.72004
1.69775
1.58943
1.07445
1.00117
1.64558
1.65485
1.41351
1.43474
1.28523
1.00996
1.85019
1.40571
1.06379
1.40049
1.04052
1.19058
1.86902
1.64882
1.3713
1.34336
1.36186
1.44643
1.49406
1.67372
1.71316
1.5051
1.95023
1.19525
1.4163
1.65473
1.65826
1.94133
1.18248
1.22001
1.67792
1.64113
1.86424
1.59744
1.86079
1.15387
1.67443
1.54116
1.85094
1.50643
1.86931
1.13104
1.08929
1.70529
1.47488
1.20829
1.21563
1.22462
1.8149
1.74251
1.46164
1.67061
1.54884
1.22288
1.18425
1.48688
1.50148
1.58991
1.99923
1.96114
1.0218
1.88919
1.21495
1.99093
1.17795
1.74222
1.13588
1.49842
1.45141
1.76984
1.78289
1.89405
1.59139
1.43729
1.89922
1.5747
1.37351
1.13717
1.12382
1.96805
1.8657
1.18799
1.52497
1.30561
1.62439
1.29865
1.43506
1.43231
1.96469
1.02172
1.2961
1.69161
1.37285
1.95854
1.37531
1.70514
1.06951
1.64326
1.79628
1.95971
1.15349
1.64469
1.92742
1.5719
1.40454
1.56045
1.77359
1.20394
1.24722
1.72257
1.41813
1.12243
1.58294
1.7081
1.20787
1.69093
1.13797
1.83954
1.8828
1.95431
1.25267
1.44274
1.43685
1.12243
1.399
1.94122
1.7609
1.39739
1.48268
1.60633
1.366
1.75469
1.76522
1.63142
1.99463
1.75531
1.42682
1.60795
1.90187
1.90227
1.59891
1.16932
1.27643
1.54329
1.38948
1.61154
1.46155
1.29349
1.53337
1.21047
1.61504
1.89392
1.62964
1.98408
1.87112
1.10501
1.16417
1.5763
1.1992
1.76892
1.55797
1.19318
1.55246
1.07045
1.52719
1.06399
1.79566
1.27774
1.30058
1.44916
1.05447
1.87458
1.62349
1.32503
1.52562
1.50226
1.97954
1.70312
1.17049
1.09258
1.10572
1.48599
1.02523
1.76827
1.52369
1.10251
1.48062
1.3533
1.38414
1.61746
1.33915
1.25444
1.95038
1.03503
1.07002
1.05085
1.14353
1.53617
1.38211
1.87863
1.36645
1.93869
1.01162
1.31917
1.14346
1.51401
1.55791
1.02529
1.8346
1.53955
1.15432
1.25302
1.00602
1.00867
1.77129
1.46712
1.75994
1.54436
1.03141
1.51296
1.35106
1.87467
1.45535
1.55296
1.09378
1.07672
1.84641
1.62833
1.5323
1.34281
1.30679
1.67792
1.93696
1.51977
1.69272
1.46486
1.97341
1.15175
1.00558
1.00191
1.04768
1.65897
1.49053
1.20013
1.04935
1.02752
1.46207
1.44333
1.65768
1.65771
1.54633
1.93764
1.55421
1.0428
1.84914
1.25961
1.06822
1.65121
1.52899
1.92428
1.13471
1.48598
1.58324
1.04377
1.77102
1.7444
1.75799
1.9693
1.71447
1.06563
1.02038
1.78202
1.53701
1.14441
1.29256
1.91684
1.375
1.47278
1.97321
1.70231
1.1563
1.93956
1.82884
1.93672
1.36007
1.2518
1.83768
1.6628
1.52197
1.28089
1.05607
1.54342
1.13129
1.2996
1.63885
1.66335
1.40428
1.17867
1.00855
1.31099
1.69042
1.18043
1.38875
1.30041
1.21806
1.19338
1.32893
1.31979
1.45763
1.6227
1.66926
1.90346
1.30374
1.86723
1.29117
1.73563
1.54541
1.11283
1.73829
1.0974
1.68051
1.62658
1.57649
1.72744
1.91504
1.6951
1.81706
1.58408
1.22789
1.09488
1.46743
1.06657
1.55447
1.60782
1.72371
1.63567
1.34225
1.3437
1.54552
1.74519
1.74576
1.05298
1.19069
1.42124
1.35325
1.17932
1.19058
1.79591
1.05543
1.21563
1.85442
1.40906
1.6996
1.62122
1.22779
1.13421
1.85877
1.37074
1.13991
1.22811
1.64082
1.86623
1.71177
1.73896
1.77434
1.39093
1.04457
1.24968
1.06799
1.24913
1.99029
1.40935
1.14263
1.89467
1.69797
1.99133
1.26453
1.27455
1.23426
1.87341
1.48854
1.19565
1.5265
1.22765
1.59979
1.13457
1.50958
1.03562
1.45779
1.86492
1.25218
1.06661
1.99829
1.13713
1.22039
1.13637
1.3171
1.99148
1.54674
1.3366
1.38995
1.80908
1.615
1.49119
1.1685
1.07452
1.51696
1.95905
1.4304
1.22915
1.53918
1.4653
1.35571
1.49923
1.31576
1.73533
1.20692
1.67485
1.2373
1.33687
1.11337
1.61862
1.16028
1.14196
1.70011
1.6611
1.45498
1.54029
1.80634
1.92391
1.22905
1.97168
1.57906
1.5084
1.97119
1.34254
1.41244
1.11548
1.47651
1.05446
1.72849
1.4708
1.18254
1.40673
1.81437
1.83913
1.39031
1.72688
1.6306
1.55444
1.47928
1.55191
1.53861
1.47672
1.5791
1.46146
1.73424
1.21907
1.69531
1.82743
1.84201
1.74024
1.56064
1.90498
1.03678
1.22448
1.61231
1.81768
1.44561
1.05367
1.41508
1.392
1.65118
1.09769
1.41499
1.90665
1.11864
1.38124
1.14682
1.47357
